FlipMove
7, 7, 7, 7, 7, 7, 367, 7, 367, 7, 7, 7, 7, 7, 7, 366, 7, 366
14, 14, 14, 74, 21, 76, 399, 14, 399, 14, 14, 14, 78, 23, 72, 14, 14, 14
23, 23, 23, 73, 15, 79, 57, 31, 63, 23, 23, 23, 72, 14, 78, 56, 30, 62
30, 30, 30, 30, 30, 30, 59, 21, 61, 30, 30, 30, 894, 30, 894, 62, 23, 56
39, 39, 39, 927, 39, 927, 39, 39, 39, 39, 39, 39, 926, 39, 926, 39, 39, 39
40, 40, 40, 106, 50, 404, 585, 40, 585, 72, 49, 82, 40, 40, 40, 42, 44, 46
48, 48, 48, 48, 48, 48, 179, 50, 539, 83, 41, 73, 104, 42, 406, 382, 54, 374
56, 56, 56, 138, 66, 436, 203, 58, 566, 88, 65, 98, 936, 56, 936, 30, 62, 23
64, 64, 64, 970, 64, 970, 64, 64, 64, 99, 57, 89, 136, 58, 438, 66, 68, 70
72, 72, 72, 243, 75, 1086, 507, 72, 507, 49, 82, 40, 14, 78, 23, 112, 80, 408
80, 80, 80, 80, 80, 80, 491, 80, 491, 51, 74, 42, 86, 85, 83, 408, 72, 112
88, 88, 88, 267, 91, 1110, 163, 96, 459, 65, 98, 56, 902, 94, 910, 88, 88, 88
96, 96, 96, 1186, 96, 1186, 459, 88, 163, 67, 90, 58, 102, 101, 99, 96, 96, 96
104, 104, 104, 104, 104, 104, 675, 104, 675, 107, 105, 106, 42, 406, 48, 472, 400, 464
112, 112, 112, 282, 144, 1122, 723, 112, 723, 155, 153, 114, 414, 422, 120, 80, 408, 72
120, 120, 120, 288, 152, 1154, 235, 136, 643, 147, 121, 146, 112, 414, 422, 128, 424, 416
128, 128, 128, 128, 128, 128, 227, 144, 627, 131, 137, 138, 944, 430, 952, 424, 416, 120
136, 136, 136, 1218, 136, 1218, 643, 120, 235, 139, 129, 130, 58, 438, 64, 144, 440, 432
144, 144, 144, 1122, 112, 282, 627, 128, 227, 123, 145, 122, 446, 454, 152, 440, 432, 136
152, 152, 152, 1154, 120, 288, 152, 152, 152, 115, 113, 154, 144, 446, 454, 520, 448, 512
160, 160, 160, 1250, 160, 1250, 160, 160, 160, 163, 161, 162, 976, 462, 984, 91, 456, 99
171, 171, 171, 171, 171, 171, 571, 534, 569, 243, 171, 243, 171, 171, 171, 570, 535, 568
178, 178, 178, 210, 187, 1002, 595, 542, 593, 250, 178, 250, 1000, 185, 208, 51, 538, 49
185, 185, 185, 209, 179, 1001, 194, 556, 550, 257, 185, 257, 208, 178, 1000, 195, 557, 551
195, 195, 195, 195, 195, 195, 187, 548, 558, 267, 195, 267, 1035, 195, 1035, 557, 551, 185
203, 203, 203, 1066, 203, 1066, 58, 566, 56, 275, 203, 275, 1067, 203, 1067, 59, 567, 57
208, 208, 208, 315, 211, 1282, 699, 635, 707, 289, 218, 280, 178, 1000, 185, 216, 608, 600
216, 216, 216, 216, 216, 216, 683, 619, 691, 291, 210, 282, 1008, 1011, 219, 608, 600, 208
224, 224, 224, 339, 227, 1314, 232, 651, 659, 305, 234, 296, 1040, 1016, 1048, 131, 624, 147
232, 232, 232, 1330, 232, 1330, 651, 659, 224, 307, 226, 298, 1024, 1027, 235, 123, 640, 139
243, 243, 243, 75, 1086, 72, 771, 243, 771, 171, 243, 171, 74, 1087, 73, 770, 243, 770
250, 250, 250, 259, 1101, 1094, 803, 250, 803, 178, 250, 178, 1092, 1103, 257, 250, 250, 250
257, 257, 257, 251, 1093, 1102, 297, 266, 745, 185, 257, 185, 250, 1092, 1103, 296, 267, 744
267, 267, 267, 91, 1110, 88, 299, 259, 747, 195, 267, 195, 1192, 1107, 1195, 744, 257, 296
275, 275, 275, 1209, 1118, 1210, 275, 275, 275, 203, 275, 203, 1208, 1119, 1211, 275, 275, 275
280, 280, 280, 290, 1138, 1130, 873, 280, 873, 208, 289, 218, 114, 1120, 146, 282, 730, 728
288, 288, 288, 152, 1154, 120, 323, 290, 819, 219, 281, 209, 282, 1128, 1136, 784, 736, 776
296, 296, 296, 306, 1170, 1162, 347, 298, 851, 224, 305, 234, 1224, 1144, 1232, 267, 744, 257
304, 304, 304, 1266, 1178, 1258, 304, 304, 304, 235, 297, 225, 298, 1160, 1168, 306, 754, 752
315, 315, 315, 211, 1282, 208, 859, 811, 857, 315, 315, 315, 210, 1283, 209, 858, 810, 856
322, 322, 322, 331, 1298, 1290, 883, 843, 881, 322, 322, 322, 1288, 1296, 329, 291, 818, 289
329, 329, 329, 323, 1289, 1297, 338, 833, 825, 329, 329, 329, 322, 1288, 1296, 339, 832, 824
339, 339, 339, 227, 1314, 224, 331, 827, 835, 339, 339, 339, 1336, 1307, 1339, 832, 824, 329
347, 347, 347, 1353, 1322, 1354, 298, 851, 296, 347, 347, 347, 1352, 1323, 1355, 299, 850, 297
404, 534, 406, 358, 358, 358, 2031, 358, 2031, 400, 535, 402, 358, 358, 358, 358, 358, 358
412, 542, 414, 466, 372, 468, 2055, 366, 2055, 408, 538, 410, 470, 374, 464, 7, 366, 7
444, 550, 422, 498, 390, 500, 592, 380, 598, 416, 551, 442, 464, 366, 470, 48, 382, 54
436, 558, 430, 382, 382, 382, 594, 372, 596, 424, 557, 434, 1366, 382, 1366, 54, 374, 48
452, 539, 454, 500, 374, 498, 390, 390, 390, 448, 543, 450, 496, 372, 502, 390, 390, 390
460, 566, 462, 1396, 398, 1396, 398, 398, 398, 456, 567, 458, 1398, 398, 1398, 15, 398, 15
1086, 403, 894, 400, 400, 400, 1437, 400, 1437, 535, 402, 358, 44, 110, 54, 464, 104, 472
1094, 451, 902, 730, 440, 1134, 1485, 408, 1485, 538, 410, 366, 118, 126, 416, 72, 112, 80
1102, 443, 910, 736, 448, 1142, 648, 432, 1029, 551, 442, 374, 408, 118, 126, 120, 128, 424
1110, 427, 918, 424, 424, 424, 656, 440, 1021, 557, 434, 382, 950, 134, 958, 416, 120, 128
1106, 435, 926, 1650, 432, 1650, 1029, 416, 648, 559, 426, 380, 60, 142, 70, 136, 144, 440
1101, 419, 909, 1134, 408, 730, 1021, 424, 656, 549, 418, 372, 150, 158, 448, 432, 136, 144
1093, 411, 901, 1142, 416, 736, 448, 448, 448, 543, 450, 390, 440, 150, 158, 512, 152, 520
1118, 459, 934, 1682, 456, 1682, 456, 456, 456, 567, 458, 398, 982, 166, 990, 99, 160, 91
1130, 635, 936, 762, 496, 1606, 2083, 464, 2083, 600, 610, 474, 366, 470, 374, 104, 472, 400
1122, 619, 944, 472, 472, 472, 2075, 472, 2075, 608, 602, 466, 478, 486, 480, 400, 464, 104
1154, 611, 952, 480, 480, 480, 712, 496, 1478, 616, 634, 498, 472, 478, 486, 480, 480, 480
1162, 659, 960, 784, 520, 1630, 720, 504, 1486, 624, 642, 506, 1374, 494, 1382, 83, 488, 83
1138, 603, 968, 1606, 464, 762, 1478, 480, 712, 632, 618, 482, 372, 502, 390, 496, 496, 496
1146, 651, 976, 1714, 504, 1714, 1486, 488, 720, 640, 626, 490, 510, 518, 512, 75, 504, 75
1178, 643, 984, 1746, 512, 1746, 512, 512, 512, 648, 658, 522, 504, 510, 518, 152, 520, 448
1170, 627, 992, 1630, 488, 784, 520, 520, 520, 656, 650, 514, 1406, 526, 1414, 448, 512, 152
407, 359, 405, 535, 535, 535, 573, 175, 575, 402, 358, 400, 535, 535, 535, 568, 171, 570
455, 391, 453, 602, 549, 639, 597, 182, 599, 410, 366, 408, 637, 551, 600, 49, 178, 51
423, 375, 445, 634, 543, 607, 559, 199, 191, 442, 374, 416, 600, 538, 637, 185, 195, 557
439, 381, 429, 557, 557, 557, 549, 189, 198, 434, 382, 424, 1493, 557, 1493, 551, 185, 195
463, 399, 461, 1527, 567, 1527, 60, 207, 62, 458, 398, 456, 1525, 567, 1525, 57, 203, 59
1010, 577, 1000, 666, 578, 1426, 2047, 574, 2039, 728, 568, 728, 568, 568, 568, 171, 570, 535
1001, 569, 1011, 576, 576, 576, 578, 580, 582, 736, 576, 736, 664, 570, 1424, 576, 576, 576
1026, 593, 1016, 698, 594, 1458, 586, 588, 590, 744, 584, 744, 1536, 584, 1536, 41, 584, 41
1017, 585, 1027, 1570, 592, 1570, 380, 598, 374, 752, 592, 752, 696, 586, 1456, 179, 594, 543
1137, 499, 971, 810, 632, 1781, 1461, 1006, 1469, 610, 474, 464, 538, 637, 551, 208, 216, 608
1153, 483, 955, 608, 608, 608, 1445, 1014, 1453, 602, 466, 472, 621, 613, 616, 600, 208, 216
1121, 475, 947, 616, 616, 616, 632, 1005, 1013, 634, 498, 480, 608, 621, 613, 680, 219, 688
1169, 523, 995, 832, 656, 1805, 640, 1030, 1022, 642, 506, 488, 1496, 661, 1504, 147, 224, 131
1129, 467, 939, 1781, 600, 810, 1005, 1013, 616, 618, 482, 496, 549, 605, 543, 696, 211, 704
1177, 515, 987, 1890, 640, 1890, 1030, 1022, 624, 626, 490, 504, 653, 645, 648, 139, 232, 123
1145, 507, 979, 1922, 648, 1922, 432, 1029, 416, 658, 522, 512, 640, 653, 645, 235, 227, 656
1161, 491, 963, 1805, 624, 832, 440, 1021, 424, 650, 514, 520, 1509, 629, 1501, 648, 235, 227
1282, 667, 1035, 664, 664, 664, 2059, 1430, 2067, 810, 666, 762, 570, 1424, 576, 664, 664, 664
1290, 715, 1040, 858, 704, 1826, 2080, 1438, 2072, 818, 674, 770, 1432, 1440, 680, 107, 672, 107
1297, 707, 1048, 864, 712, 1858, 696, 1462, 1446, 824, 706, 776, 672, 1432, 1440, 219, 688, 616
1314, 691, 1059, 688, 688, 688, 704, 1470, 1454, 832, 698, 784, 1544, 1448, 1552, 616, 680, 219
1306, 699, 1067, 1954, 696, 1954, 1462, 1446, 680, 834, 690, 786, 586, 1456, 592, 211, 704, 632
1298, 683, 1051, 1826, 672, 858, 1470, 1454, 688, 826, 682, 778, 1464, 1472, 712, 632, 696, 211
1289, 675, 1043, 1858, 680, 864, 496, 1478, 480, 842, 714, 794, 704, 1464, 1472, 712, 712, 712
1322, 723, 1075, 1986, 720, 1986, 504, 1486, 488, 850, 722, 802, 1576, 1480, 1584, 115, 720, 115
1194, 737, 1184, 738, 1158, 1126, 2145, 728, 2145, 568, 728, 568, 410, 1132, 442, 280, 282, 730
1185, 729, 1195, 448, 1142, 416, 842, 738, 2099, 576, 736, 576, 730, 1124, 1156, 776, 288, 784
1210, 753, 1200, 754, 1182, 1150, 850, 746, 2123, 584, 744, 584, 1656, 1164, 1664, 257, 296, 267
1201, 745, 1211, 1698, 1174, 1690, 752, 752, 752, 592, 752, 592, 746, 1148, 1180, 304, 306, 754
1218, 811, 1216, 496, 1606, 464, 2171, 762, 2171, 664, 810, 666, 466, 1604, 498, 762, 762, 762
1226, 843, 1224, 778, 1618, 1614, 2195, 770, 2195, 672, 818, 674, 1612, 1616, 776, 243, 770, 243
1258, 825, 1232, 794, 1638, 1622, 880, 786, 2152, 680, 824, 706, 770, 1612, 1616, 288, 784, 736
1250, 835, 1240, 520, 1630, 488, 882, 778, 2154, 688, 832, 698, 1720, 1624, 1728, 736, 776, 288
1266, 819, 1264, 1638, 1622, 776, 794, 794, 794, 712, 842, 714, 778, 1620, 1636, 794, 794, 794
1274, 851, 1272, 1762, 1646, 1754, 802, 802, 802, 720, 850, 722, 1752, 1644, 1760, 251, 802, 251
1217, 763, 1219, 632, 1781, 600, 2131, 2091, 2129, 666, 762, 664, 602, 1783, 634, 856, 315, 858
1265, 795, 1267, 826, 1797, 1786, 2155, 2098, 2153, 674, 770, 672, 1784, 1799, 824, 289, 322, 291
1233, 777, 1259, 842, 1789, 1813, 834, 2114, 2105, 706, 776, 680, 818, 1784, 1799, 329, 339, 832
1249, 787, 1243, 656, 1805, 624, 826, 2107, 2115, 698, 784, 688, 1896, 1800, 1904, 824, 329, 339
1225, 771, 1227, 1789, 1813, 824, 738, 2099, 736, 714, 794, 712, 826, 1815, 1791, 880, 323, 882
1273, 803, 1275, 1938, 1821, 1930, 746, 2123, 744, 722, 802, 720, 1928, 1823, 1936, 297, 347, 299
1338, 865, 1328, 866, 1842, 1834, 2186, 2128, 2177, 856, 856, 856, 674, 1824, 706, 315, 858, 810
1329, 857, 1339, 712, 1858, 680, 866, 2138, 2136, 864, 864, 864, 858, 1832, 1840, 864, 864, 864
1354, 881, 1344, 882, 1874, 1866, 874, 2146, 2144, 872, 872, 872, 1960, 1848, 1968, 281, 872, 281
1345, 873, 1355, 2002, 1882, 1994, 786, 2152, 776, 880, 880, 880, 874, 1864, 1872, 323, 882, 842
400, 1086, 403, 894, 894, 894, 1373, 894, 1373, 405, 1087, 406, 30, 894, 30, 1374, 894, 1374
408, 1094, 451, 1192, 909, 1198, 1421, 902, 1421, 453, 1092, 414, 94, 910, 88, 902, 902, 902
416, 1102, 443, 1195, 901, 1197, 979, 926, 981, 445, 1103, 422, 88, 902, 94, 960, 918, 966
424, 1110, 427, 918, 918, 918, 963, 909, 965, 429, 1107, 430, 918, 918, 918, 966, 910, 960
432, 1106, 435, 2423, 926, 2423, 981, 910, 979, 437, 1111, 438, 39, 926, 39, 976, 909, 982
456, 1118, 459, 2446, 934, 2446, 934, 934, 934, 461, 1119, 462, 934, 934, 934, 934, 934, 934
464, 1130, 635, 1216, 968, 1654, 1579, 936, 1579, 971, 1155, 1120, 56, 936, 56, 944, 950, 942
472, 1122, 619, 944, 944, 944, 1563, 944, 1563, 955, 1139, 1128, 430, 952, 128, 950, 942, 936
480, 1154, 611, 952, 952, 952, 1043, 968, 1499, 947, 1131, 1136, 128, 944, 430, 1390, 958, 1382
488, 1162, 659, 1240, 992, 1678, 1075, 976, 1534, 995, 1179, 1144, 960, 960, 960, 918, 966, 910
496, 1138, 603, 1654, 936, 1216, 1499, 952, 1043, 939, 1123, 1152, 66, 968, 66, 1406, 974, 1398
504, 1146, 651, 2458, 976, 2458, 1534, 960, 1075, 987, 1171, 1160, 462, 984, 160, 909, 982, 926
512, 1178, 643, 2464, 984, 2464, 984, 984, 984, 979, 1163, 1168, 160, 976, 462, 992, 998, 990
520, 1170, 627, 1678, 960, 1240, 992, 992, 992, 963, 1147, 1176, 992, 992, 992, 998, 990, 984
568, 1010, 577, 1283, 1003, 2095, 1459, 606, 1467, 1184, 1000, 1184, 185, 208, 178, 1008, 621, 637
570, 1002, 579, 1008, 1008, 1008, 1443, 614, 1451, 1192, 1008, 1192, 1011, 219, 216, 621, 637, 1000
584, 1026, 593, 1307, 1019, 2118, 1024, 646, 630, 1200, 1016, 1200, 1048, 224, 1040, 429, 661, 445
586, 1018, 595, 2252, 1024, 2252, 646, 630, 1016, 1208, 1024, 1208, 1027, 235, 232, 421, 653, 437
664, 1282, 667, 1035, 1035, 1035, 1539, 1494, 1547, 1219, 1283, 1216, 195, 1035, 195, 1544, 1493, 1536
672, 1290, 715, 1336, 1051, 2262, 1587, 1502, 1595, 1267, 1288, 1224, 1016, 1048, 224, 955, 1496, 971
680, 1297, 707, 1339, 1043, 2261, 1067, 1526, 1510, 1259, 1296, 1232, 224, 1040, 1016, 1059, 1517, 1504
688, 1314, 691, 1059, 1059, 1059, 1051, 1507, 1518, 1243, 1307, 1240, 1059, 1059, 1059, 1517, 1504, 1048
696, 1306, 699, 2491, 1067, 2491, 1526, 1510, 1048, 1251, 1315, 1248, 203, 1067, 203, 1051, 1509, 1525
720, 1322, 723, 2515, 1075, 2515, 976, 1534, 960, 1275, 1323, 1272, 1075, 1075, 1075, 963, 1533, 979
402, 895, 401, 77, 247, 78, 1615, 1087, 1615, 406, 894, 405, 73, 243, 74, 1612, 1087, 1612
410, 900, 449, 1100, 261, 254, 1647, 1092, 1647, 414, 902, 453, 1103, 257, 250, 1092, 1092, 1092
442, 911, 417, 1095, 255, 263, 1163, 1111, 1151, 422, 910, 445, 257, 250, 1092, 1144, 1107, 1164
434, 927, 433, 93, 270, 94, 1147, 1100, 1167, 430, 918, 429, 1195, 267, 1192, 1164, 1103, 1144
458, 935, 457, 1215, 279, 1212, 1119, 1119, 1119, 462, 934, 461, 1211, 275, 1208, 1119, 1119, 1119
474, 946, 617, 1152, 740, 734, 1867, 1120, 1867, 936, 971, 1155, 146, 280, 114, 1128, 1124, 1132
466, 938, 633, 446, 732, 414, 1851, 1128, 1851, 944, 955, 1139, 1136, 288, 282, 1124, 1132, 1120
498, 970, 601, 454, 742, 422, 1291, 1152, 1787, 952, 947, 1131, 288, 282, 1128, 1624, 1156, 1616
506, 978, 649, 1176, 756, 750, 1323, 1160, 1820, 960, 995, 1179, 1232, 296, 1224, 1107, 1164, 1103
482, 954, 609, 740, 734, 1120, 1787, 1136, 1291, 968, 939, 1123, 154, 290, 122, 1620, 1140, 1628
490, 962, 657, 1668, 748, 1660, 1820, 1144, 1323, 976, 987, 1171, 1168, 304, 298, 1100, 1148, 1111
522, 994, 625, 1700, 758, 1692, 1168, 1168, 1168, 984, 979, 1163, 304, 298, 1160, 1176, 1172, 1180
514, 986, 641, 756, 750, 1144, 1176, 1176, 1176, 992, 963, 1147, 1264, 306, 1256, 1172, 1180, 1168
728, 1194, 737, 1187, 1189, 1190, 1755, 1184, 1755, 1000, 1184, 1000, 98, 1184, 98, 1224, 1192, 1656
730, 1186, 739, 909, 1198, 902, 1739, 1192, 1739, 1008, 1192, 1008, 1107, 1195, 267, 1656, 1184, 1224
744, 1210, 753, 1203, 1205, 1206, 1275, 1208, 1707, 1016, 1200, 1016, 1200, 1200, 1200, 1200, 1200, 1200
746, 1202, 755, 2437, 1214, 2430, 1707, 1200, 1275, 1024, 1208, 1024, 1119, 1211, 275, 1208, 1208, 1208
762, 1218, 811, 968, 1654, 936, 1963, 1216, 1963, 1035, 1219, 1283, 138, 1216, 138, 1720, 1648, 1712
770, 1226, 843, 1256, 1694, 1662, 2011, 1224, 2011, 1040, 1267, 1288, 1144, 1232, 296, 1192, 1656, 1184
776, 1258, 825, 1264, 1702, 1670, 1355, 1248, 1931, 1048, 1259, 1296, 296, 1224, 1144, 1240, 1672, 1664
784, 1250, 835, 992, 1678, 960, 1347, 1256, 1915, 1059, 1243, 1307, 1240, 1240, 1240, 1672, 1664, 1232
786, 1242, 833, 2466, 1686, 2456, 1931, 1232, 1355, 1067, 1251, 1315, 162, 1248, 162, 1256, 1688, 1680
778, 1234, 827, 1694, 1662, 1224, 1915, 1240, 1347, 1051, 1235, 1299, 1176, 1264, 306, 1688, 1680, 1248
794, 1266, 819, 1702, 1670, 1232, 1264, 1264, 1264, 1043, 1227, 1291, 306, 1256, 1176, 1768, 1696, 1760
802, 1274, 851, 2482, 1710, 2472, 1272, 1272, 1272, 1075, 1275, 1323, 1272, 1272, 1272, 1203, 1704, 1211
666, 1034, 665, 1003, 2095, 1000, 1827, 1780, 1835, 1216, 1035, 1219, 209, 315, 210, 1832, 1783, 1824
674, 1042, 713, 1299, 2109, 2102, 1875, 1788, 1883, 1224, 1040, 1267, 1296, 329, 322, 1139, 1784, 1155
706, 1049, 681, 1291, 2103, 2111, 1315, 1804, 1812, 1232, 1048, 1259, 329, 322, 1288, 1307, 1800, 1799
698, 1066, 697, 1019, 2118, 1016, 1299, 1796, 1803, 1240, 1059, 1243, 1339, 339, 1336, 1800, 1799, 1296
690, 1058, 689, 2263, 2119, 2260, 1804, 1812, 1296, 1248, 1067, 1251, 225, 338, 226, 1299, 1815, 1807
722, 1074, 721, 2279, 2127, 2276, 1160, 1820, 1144, 1272, 1075, 1275, 1355, 347, 1352, 1147, 1823, 1163
856, 1338, 865, 1331, 2253, 2254, 1987, 1923, 1995, 1328, 1328, 1328, 234, 1328, 234, 1336, 1896, 1888
858, 1330, 867, 1051, 2262, 1040, 1971, 1907, 1979, 1336, 1336, 1336, 1307, 1339, 339, 1896, 1888, 1328
872, 1354, 881, 1347, 2269, 2270, 1352, 1939, 1947, 1344, 1344, 1344, 1344, 1344, 1344, 1243, 1912, 1259
874, 1346, 883, 2507, 2278, 2498, 1939, 1947, 1344, 1352, 1352, 1352, 1323, 1355, 347, 1235, 1928, 1251
1606, 1782, 1494, 1366, 1366, 1366, 2213, 1366, 2213, 1493, 1783, 1604, 382, 1366, 382, 1366, 1366, 1366
1614, 1790, 1502, 1720, 1406, 1726, 2246, 1374, 2246, 1496, 1784, 1612, 494, 1382, 488, 894, 1374, 894
1622, 1798, 1510, 1728, 1414, 1734, 1584, 1398, 1590, 1504, 1799, 1616, 488, 1374, 494, 952, 1390, 958
1630, 1806, 1518, 1390, 1390, 1390, 1592, 1406, 1598, 1517, 1800, 1624, 1390, 1390, 1390, 958, 1382, 952
1626, 1801, 1526, 2534, 1398, 2534, 1590, 1382, 1584, 1525, 1807, 1628, 398, 1398, 398, 968, 1406, 974
1618, 1814, 1507, 1726, 1374, 1720, 1598, 1390, 1592, 1509, 1815, 1620, 526, 1414, 520, 974, 1398, 968
1638, 1785, 1499, 1734, 1382, 1728, 1414, 1414, 1414, 1501, 1791, 1636, 520, 1406, 526, 1414, 1414, 1414
1646, 1822, 1534, 2558, 1422, 2558, 1422, 1422, 1422, 1533, 1823, 1644, 1422, 1422, 1422, 901, 1422, 901
1426, 1425, 1427, 1424, 1424, 1424, 2061, 670, 2069, 1648, 1424, 1648, 576, 664, 570, 1424, 1424, 1424
1434, 1473, 1475, 1832, 1464, 2132, 2086, 678, 2078, 1656, 1432, 1656, 1440, 680, 672, 405, 1432, 405
1466, 1441, 1467, 1840, 1472, 2142, 1456, 702, 686, 1664, 1440, 1664, 680, 672, 1432, 1011, 1448, 613
1458, 1457, 1451, 1448, 1448, 1448, 1464, 710, 694, 1672, 1448, 1672, 1552, 688, 1544, 613, 1440, 1011
1450, 1449, 1459, 2284, 1456, 2284, 702, 686, 1440, 1680, 1456, 1680, 592, 696, 586, 1003, 1464, 605
1442, 1465, 1443, 2132, 1432, 1832, 710, 694, 1448, 1688, 1464, 1688, 1472, 712, 704, 605, 1456, 1003
1474, 1433, 1435, 2142, 1440, 1840, 502, 718, 486, 1696, 1472, 1696, 712, 704, 1464, 1472, 1472, 1472
1482, 1481, 1483, 2316, 1480, 2316, 510, 726, 494, 1704, 1480, 1704, 1584, 720, 1576, 413, 1480, 413
1781, 1605, 1365, 1493, 1493, 1493, 1541, 1038, 1549, 1783, 1604, 1366, 557, 1493, 557, 1536, 1035, 1544
1786, 1637, 1413, 1896, 1509, 1909, 1589, 1046, 1597, 1784, 1612, 1374, 661, 1504, 624, 971, 1040, 955
1813, 1617, 1405, 1904, 1501, 1901, 1525, 1070, 1054, 1799, 1616, 1382, 624, 1496, 661, 1048, 1059, 1517
1805, 1629, 1389, 1517, 1517, 1517, 1509, 1053, 1062, 1800, 1624, 1390, 1517, 1517, 1517, 1504, 1048, 1059
1802, 1625, 1397, 2583, 1525, 2583, 1070, 1054, 1504, 1807, 1628, 1398, 567, 1525, 567, 1067, 1051, 1509
1821, 1645, 1421, 2605, 1533, 2605, 982, 1078, 966, 1823, 1644, 1422, 1533, 1533, 1533, 979, 1075, 963
1834, 1841, 1571, 1952, 1568, 2286, 2238, 1542, 2222, 1888, 1824, 1712, 584, 1536, 584, 1035, 1544, 1493
1826, 1857, 1555, 1544, 1544, 1544, 2221, 1550, 2230, 1896, 1832, 1720, 1448, 1552, 688, 1493, 1536, 1035
1858, 1825, 1547, 1552, 1552, 1552, 1568, 1574, 1558, 1904, 1840, 1728, 688, 1544, 1448, 1552, 1552, 1552
1866, 1873, 1595, 1976, 1592, 2310, 1576, 1582, 1566, 1912, 1848, 1736, 1560, 1560, 1560, 947, 1560, 947
1842, 1833, 1539, 2286, 1536, 1952, 1574, 1558, 1552, 1920, 1856, 1744, 594, 1568, 594, 1568, 1568, 1568
1850, 1881, 1587, 2618, 1576, 2618, 1582, 1566, 1560, 1928, 1864, 1752, 1480, 1584, 720, 939, 1576, 939
1882, 1849, 1579, 2624, 1584, 2624, 1398, 1590, 1382, 1936, 1872, 1760, 720, 1576, 1480, 1043, 1592, 1501
1874, 1865, 1563, 2310, 1560, 1976, 1406, 1598, 1390, 1944, 1880, 1768, 1592, 1592, 1592, 1501, 1584, 1043
1364, 1492, 1780, 502, 766, 470, 2359, 1604, 2359, 1366, 1493, 1783, 498, 762, 466, 1604, 1604, 1604
1372, 1500, 1788, 1620, 780, 774, 2383, 1612, 2383, 1374, 1496, 1784, 1616, 776, 770, 1087, 1612, 1087
1404, 1505, 1812, 1636, 798, 782, 1872, 1628, 1884, 1382, 1504, 1799, 776, 770, 1612, 1136, 1624, 1156
1396, 1524, 1803, 526, 790, 494, 1880, 1620, 1876, 1390, 1517, 1800, 1728, 784, 1720, 1156, 1616, 1136
1412, 1497, 1787, 798, 782, 1616, 1636, 1636, 1636, 1414, 1501, 1791, 794, 778, 1620, 1636, 1636, 1636
1420, 1532, 1820, 1764, 806, 1756, 1644, 1644, 1644, 1422, 1533, 1823, 1760, 802, 1752, 1095, 1644, 1095
1650, 1649, 1651, 974, 1222, 942, 2291, 1648, 2291, 1424, 1648, 1424, 434, 1648, 434, 1712, 1216, 1720
1658, 1697, 1699, 1688, 1262, 1230, 2339, 1656, 2339, 1432, 1656, 1432, 1164, 1664, 744, 1184, 1224, 1192
1690, 1665, 1691, 1696, 1270, 1238, 1936, 1680, 2275, 1440, 1664, 1440, 744, 1656, 1164, 1232, 1240, 1672
1682, 1681, 1675, 998, 1246, 966, 1944, 1688, 2267, 1448, 1672, 1448, 1672, 1672, 1672, 1664, 1232, 1240
1674, 1673, 1683, 2468, 1254, 2462, 2275, 1664, 1936, 1456, 1680, 1456, 458, 1680, 458, 1248, 1256, 1688
1666, 1689, 1667, 1262, 1230, 1656, 2267, 1672, 1944, 1464, 1688, 1464, 1172, 1696, 754, 1680, 1248, 1256
1698, 1657, 1659, 1270, 1238, 1664, 1696, 1696, 1696, 1472, 1696, 1472, 754, 1688, 1172, 1760, 1264, 1768
1706, 1705, 1707, 2484, 1278, 2478, 1704, 1704, 1704, 1480, 1704, 1480, 1704, 1704, 1704, 1211, 1272, 1203
1722, 1905, 1923, 1744, 1750, 1718, 2411, 1712, 2411, 1536, 1888, 1824, 506, 1712, 506, 1216, 1720, 1648
1714, 1921, 1907, 1406, 1726, 1374, 2403, 1720, 2403, 1544, 1896, 1832, 1624, 1728, 784, 1648, 1712, 1216
1746, 1889, 1899, 1414, 1734, 1382, 2000, 1744, 2328, 1552, 1904, 1840, 784, 1720, 1624, 1728, 1728, 1728
1754, 1937, 1947, 1768, 1774, 1742, 2008, 1752, 2336, 1560, 1912, 1848, 1736, 1736, 1736, 1195, 1736, 1195
1730, 1897, 1891, 1750, 1718, 1712, 2328, 1728, 2000, 1568, 1920, 1856, 514, 1744, 514, 1744, 1744, 1744
1738, 1945, 1939, 2548, 1758, 2542, 2336, 1736, 2008, 1576, 1928, 1864, 1644, 1760, 802, 1187, 1752, 1187
1770, 1913, 1931, 2566, 1766, 2550, 1760, 1760, 1760, 1584, 1936, 1872, 802, 1752, 1644, 1264, 1768, 1696
1762, 1929, 1915, 1774, 1742, 1736, 1768, 1768, 1768, 1592, 1944, 1880, 1768, 1768, 1768, 1696, 1760, 1264
1495, 1367, 1607, 605, 815, 637, 1839, 1287, 1831, 1604, 1366, 1493, 634, 810, 602, 1824, 1283, 1832
1498, 1415, 1639, 1815, 829, 847, 1887, 1292, 1879, 1612, 1374, 1496, 1799, 824, 818, 1155, 1288, 1139
1511, 1383, 1623, 1791, 823, 831, 1807, 1311, 1303, 1616, 1382, 1504, 824, 818, 1784, 1296, 1307, 1800
1527, 1399, 1627, 629, 837, 661, 1815, 1300, 1319, 1624, 1390, 1517, 1904, 832, 1896, 1799, 1296, 1307
1506, 1407, 1619, 829, 847, 1784, 1300, 1319, 1800, 1620, 1406, 1509, 1791, 842, 826, 1807, 1315, 1299
1535, 1423, 1647, 1935, 855, 1943, 1148, 1327, 1164, 1644, 1422, 1533, 1936, 850, 1928, 1163, 1323, 1147
1546, 1553, 1859, 1856, 2140, 2134, 2375, 1836, 2367, 1712, 1536, 1888, 706, 856, 674, 1283, 1832, 1783
1538, 1569, 1843, 1464, 2132, 1432, 2364, 1828, 2371, 1720, 1544, 1896, 1840, 864, 858, 1783, 1824, 1283
1570, 1537, 1835, 1472, 2142, 1440, 1856, 1844, 1860, 1728, 1552, 1904, 864, 858, 1832, 1840, 1840, 1840
1578, 1585, 1883, 1880, 2156, 2150, 1864, 1852, 1868, 1736, 1560, 1912, 1968, 872, 1960, 1131, 1848, 1131
1554, 1545, 1827, 2140, 2134, 1824, 1844, 1860, 1840, 1744, 1568, 1920, 714, 866, 682, 1856, 1856, 1856
1562, 1593, 1875, 2300, 2148, 2292, 1852, 1868, 1848, 1752, 1576, 1928, 1872, 880, 874, 1123, 1864, 1123
1594, 1561, 1867, 2332, 2158, 2324, 1628, 1884, 1616, 1760, 1584, 1936, 880, 874, 1864, 1291, 1880, 1791
1586, 1577, 1851, 2156, 2150, 1848, 1620, 1876, 1624, 1768, 1592, 1944, 2000, 882, 1992, 1791, 1872, 1291
1898, 1729, 1747, 1920, 1893, 1925, 2315, 2248, 2323, 1824, 1712, 1536, 642, 1888, 642, 1328, 1336, 1896
1890, 1745, 1731, 1509, 1909, 1496, 2299, 2256, 2307, 1832, 1720, 1544, 1800, 1904, 832, 1888, 1328, 1336
1922, 1713, 1723, 1501, 1901, 1504, 1920, 2251, 2259, 1840, 1728, 1552, 832, 1896, 1800, 1968, 1339, 1976
1930, 1761, 1771, 1944, 1917, 1949, 1928, 2272, 2264, 1848, 1736, 1560, 1912, 1912, 1912, 1259, 1344, 1243
1906, 1721, 1715, 1893, 1925, 1888, 2251, 2259, 1904, 1856, 1744, 1568, 650, 1920, 650, 1984, 1331, 1992
1914, 1769, 1763, 2597, 1941, 2586, 2272, 2264, 1912, 1864, 1752, 1576, 1823, 1936, 850, 1251, 1352, 1235
1946, 1737, 1755, 2591, 1933, 2599, 1680, 2275, 1664, 1872, 1760, 1584, 850, 1928, 1823, 1355, 1347, 1944
1938, 1753, 1739, 1917, 1949, 1912, 1688, 2267, 1672, 1880, 1768, 1592, 1944, 1944, 1944, 1936, 1355, 1347
1954, 1953, 1955, 1568, 2286, 1536, 2387, 2280, 2395, 1952, 1952, 1952, 698, 1952, 698, 1952, 1952, 1952
1962, 2001, 2003, 1992, 2326, 2294, 2408, 2288, 2400, 1960, 1960, 1960, 1848, 1968, 872, 1219, 1960, 1219
1994, 1969, 1995, 2000, 2334, 2302, 1984, 2312, 2296, 1968, 1968, 1968, 872, 1960, 1848, 1339, 1976, 1904
1986, 1985, 1979, 1592, 2310, 1560, 1992, 2320, 2304, 1976, 1976, 1976, 1976, 1976, 1976, 1904, 1968, 1339
1978, 1977, 1987, 2626, 2318, 2616, 2312, 2296, 1968, 1984, 1984, 1984, 722, 1984, 722, 1331, 1992, 1920
1970, 1993, 1971, 2326, 2294, 1960, 2320, 2304, 1976, 1992, 1992, 1992, 1880, 2000, 882, 1920, 1984, 1331
2002, 1961, 1963, 2334, 2302, 1968, 1744, 2328, 1728, 2000, 2000, 2000, 882, 1992, 1880, 2000, 2000, 2000
2010, 2009, 2011, 2642, 2342, 2632, 1752, 2336, 1736, 2008, 2008, 2008, 2008, 2008, 2008, 1227, 2008, 1227
2095, 2023, 2095, 2023, 2023, 2023, 2023, 2023, 2023, 2091, 2023, 2091, 2023, 2023, 2023, 2023, 2023, 2023
2102, 2030, 2102, 2058, 2037, 2060, 2030, 2030, 2030, 2098, 2030, 2098, 2062, 2039, 2056, 359, 2030, 359
2111, 2039, 2111, 2057, 2031, 2063, 568, 2047, 574, 2105, 2039, 2105, 2056, 2030, 2062, 569, 2046, 575
2118, 2046, 2118, 2046, 2046, 2046, 570, 2037, 572, 2115, 2046, 2115, 2206, 2046, 2206, 575, 2039, 569
2127, 2055, 2127, 2239, 2055, 2239, 366, 2055, 366, 2123, 2055, 2123, 2238, 2055, 2238, 367, 2055, 367
2254, 2056, 2254, 2163, 2059, 2350, 2056, 2056, 2056, 2137, 2066, 2128, 2030, 2062, 2039, 667, 2064, 1429
2262, 2064, 2262, 2064, 2064, 2064, 2064, 2064, 2064, 2139, 2058, 2130, 2070, 2069, 2067, 1429, 2056, 667
2270, 2072, 2270, 2187, 2075, 2374, 672, 2080, 1438, 2153, 2082, 2144, 2214, 2078, 2222, 475, 2072, 475
2278, 2080, 2278, 2386, 2080, 2386, 1438, 2072, 672, 2155, 2074, 2146, 2086, 2085, 2083, 467, 2080, 467
2423, 2091, 2423, 1005, 1286, 1006, 2129, 810, 2131, 2023, 2091, 2023, 1004, 1287, 1007, 2128, 811, 2130
2430, 2098, 2430, 2107, 1301, 1294, 2153, 818, 2155, 2030, 2098, 2030, 1292, 1303, 2105, 737, 843, 739
2439, 2105, 2439, 2099, 1293, 1302, 824, 834, 2114, 2039, 2105, 2039, 2098, 1292, 1303, 825, 835, 2115
2446, 2115, 2446, 1021, 1310, 1022, 832, 826, 2107, 2046, 2115, 2046, 2256, 1319, 2259, 2105, 825, 835
2455, 2123, 2455, 2273, 1326, 2274, 744, 850, 746, 2055, 2123, 2055, 2272, 1327, 2275, 745, 851, 747
2456, 2128, 2456, 2138, 1862, 1830, 2177, 856, 2186, 2056, 2137, 2066, 1436, 1836, 1468, 811, 2130, 2091
2464, 2136, 2464, 1478, 1846, 1446, 864, 866, 2138, 2067, 2129, 2057, 2130, 1828, 1860, 2136, 2136, 2136
2472, 2144, 2472, 2154, 1886, 1854, 872, 874, 2146, 2072, 2153, 2082, 2288, 1868, 2296, 729, 2144, 729
2480, 2152, 2480, 2330, 1878, 2322, 776, 880, 786, 2083, 2145, 2073, 2146, 1852, 1884, 819, 2154, 2099
2491, 2163, 2491, 2059, 2350, 2056, 2163, 2163, 2163, 2163, 2163, 2163, 2058, 2351, 2057, 2163, 2163, 2163
2498, 2170, 2498, 2179, 2365, 2358, 2170, 2170, 2170, 2170, 2170, 2170, 2356, 2367, 2177, 763, 2170, 763
2505, 2177, 2505, 2171, 2357, 2366, 856, 2186, 2128, 2177, 2177, 2177, 2170, 2356, 2367, 857, 2187, 2129
2515, 2187, 2515, 2075, 2374, 2072, 858, 2179, 2130, 2187, 2187, 2187, 2392, 2371, 2395, 2129, 2177, 857
2523, 2195, 2523, 2409, 2382, 2410, 770, 2195, 770, 2195, 2195, 2195, 2408, 2383, 2411, 771, 2195, 771
2286, 2350, 2285, 2206, 2206, 2206, 2206, 2206, 2206, 2283, 2351, 2280, 2046, 2206, 2046, 2206, 2206, 2206
2294, 2358, 2333, 2392, 2221, 2398, 2214, 2214, 2214, 2331, 2356, 2288, 2078, 2222, 2072, 1365, 2214, 1365
2302, 2366, 2325, 2395, 2213, 2397, 1536, 2238, 1542, 2323, 2367, 2296, 2072, 2214, 2078, 1547, 2230, 1549
2310, 2374, 2309, 2230, 2230, 2230, 1544, 2221, 1550, 2307, 2371, 2304, 2230, 2230, 2230, 1549, 2222, 1547
2318, 2370, 2317, 2655, 2238, 2655, 1542, 2222, 1536, 2315, 2375, 2312, 2055, 2238, 2055, 1539, 2221, 1541
2342, 2382, 2341, 2678, 2246, 2678, 1374, 2246, 1374, 2339, 2383, 2336, 2246, 2246, 2246, 1373, 2246, 1373
2462, 2258, 2471, 2251, 1333, 1334, 2323, 1888, 2315, 2062, 2248, 2062, 1028, 2248, 1028, 1923, 1907, 2256
2460, 2250, 2469, 1053, 1342, 1046, 2307, 1896, 2299, 2070, 2256, 2070, 1319, 2259, 2115, 2248, 1923, 1907
2478, 2274, 2487, 2267, 1349, 1350, 1912, 1928, 2272, 2078, 2264, 2078, 2264, 2264, 2264, 1691, 1947, 1675
2476, 2266, 2485, 2509, 1358, 2502, 2264, 1912, 1928, 2086, 2272, 2086, 1327, 2275, 2123, 1683, 1939, 1667
2534, 2282, 2582, 1574, 1958, 1542, 2395, 1952, 2387, 2206, 2283, 2351, 1460, 2280, 1460, 2280, 2280, 2280
2542, 2290, 2590, 2320, 1998, 1966, 2400, 1960, 2408, 2214, 2331, 2356, 1868, 2296, 2144, 1651, 2288, 1651
2550, 2322, 2598, 2328, 2006, 1974, 1968, 1984, 2312, 2222, 2323, 2367, 2144, 2288, 1868, 1899, 2304, 2259
2558, 2314, 2606, 1598, 1982, 1566, 1976, 1992, 2320, 2230, 2307, 2371, 2304, 2304, 2304, 2259, 2296, 1899
2556, 2306, 2604, 2628, 1990, 2622, 2296, 1968, 1984, 2238, 2315, 2375, 1484, 2312, 1484, 1891, 2320, 2251
2548, 2298, 2596, 1998, 1966, 2288, 2304, 1976, 1992, 2221, 2299, 2364, 1876, 2328, 2154, 2251, 2312, 1891
2566, 2330, 2587, 2006, 1974, 2296, 1728, 2000, 1744, 2213, 2291, 2359, 2154, 2320, 1876, 2328, 2328, 2328
2574, 2338, 2614, 2644, 2014, 2638, 1736, 2008, 1752, 2246, 2339, 2383, 2336, 2336, 2336, 1659, 2336, 1659
2284, 2207, 2287, 2061, 2167, 2062, 2351, 2351, 2351, 2280, 2206, 2283, 2057, 2163, 2058, 2351, 2351, 2351
2292, 2212, 2335, 2364, 2181, 2174, 2356, 2356, 2356, 2288, 2214, 2331, 2367, 2177, 2170, 1607, 2356, 1607
2324, 2223, 2303, 2359, 2175, 2183, 1824, 2375, 1836, 2296, 2222, 2323, 2177, 2170, 2356, 1835, 2371, 1831
2316, 2239, 2319, 2077, 2190, 2078, 1832, 2364, 1828, 2304, 2230, 2307, 2395, 2187, 2392, 1831, 2367, 1835
2340, 2247, 2343, 2415, 2199, 2412, 1612, 2383, 1612, 2336, 2246, 2339, 2411, 2195, 2408, 1615, 2383, 1615
2616, 2394, 2625, 2387, 2389, 2390, 2384, 2384, 2384, 2384, 2384, 2384, 2082, 2384, 2082, 1955, 2392, 2283
2618, 2386, 2627, 2221, 2398, 2214, 2392, 2392, 2392, 2392, 2392, 2392, 2371, 2395, 2187, 2283, 2384, 1955
2632, 2410, 2641, 2403, 2405, 2406, 1960, 2408, 2288, 2400, 2400, 2400, 2400, 2400, 2400, 1723, 2400, 1723
2634, 2402, 2643, 2669, 2414, 2662, 2288, 2400, 1960, 2408, 2408, 2408, 2383, 2411, 2195, 1715, 2408, 1715
2091, 2423, 2091, 926, 2423, 926, 2543, 2423, 2543, 2095, 2423, 2095, 927, 2423, 927, 2542, 2423, 2542
2098, 2430, 2098, 1208, 2437, 1214, 2575, 2430, 2575, 2102, 2430, 2102, 1212, 2439, 1210, 2430, 2430, 2430
2105, 2439, 2105, 1211, 2431, 1213, 2473, 2447, 2479, 2111, 2439, 2111, 1210, 2430, 1212, 2472, 2446, 2478
2115, 2446, 2115, 934, 2446, 934, 2475, 2437, 2477, 2118, 2446, 2118, 2446, 2446, 2446, 2478, 2439, 2472
2123, 2455, 2123, 2455, 2455, 2455, 2455, 2455, 2455, 2127, 2455, 2127, 2455, 2455, 2455, 2455, 2455, 2455
2128, 2456, 2128, 1248, 2466, 1686, 2633, 2456, 2633, 2254, 2465, 2260, 978, 2456, 978, 2458, 2460, 2462
2136, 2464, 2136, 984, 2464, 984, 2499, 2466, 2587, 2261, 2457, 2255, 1250, 2458, 1684, 2558, 2470, 2550
2144, 2472, 2144, 1272, 2482, 1710, 2523, 2474, 2614, 2270, 2481, 2276, 2472, 2472, 2472, 2446, 2478, 2439
2152, 2480, 2152, 2480, 2480, 2480, 2480, 2480, 2480, 2277, 2473, 2271, 1274, 2474, 1708, 2482, 2484, 2486
2163, 2491, 2163, 1067, 2491, 1067, 2619, 2582, 2617, 2491, 2491, 2491, 1066, 2491, 1066, 2618, 2583, 2616
2170, 2498, 2170, 1352, 2507, 2278, 2643, 2590, 2641, 2498, 2498, 2498, 2276, 2505, 1354, 2467, 2586, 2465
2177, 2505, 2177, 1355, 2499, 2277, 2514, 2604, 2598, 2505, 2505, 2505, 1354, 2498, 2276, 2515, 2605, 2599
2187, 2515, 2187, 1075, 2515, 1075, 2507, 2596, 2606, 2515, 2515, 2515, 2515, 2515, 2515, 2605, 2599, 2505
2195, 2523, 2195, 2523, 2523, 2523, 2474, 2614, 2472, 2523, 2523, 2523, 2523, 2523, 2523, 2475, 2615, 2473
2282, 2582, 2280, 1398, 2534, 1398, 2663, 2534, 2663, 2286, 2583, 2284, 1396, 2534, 1396, 2534, 2534, 2534
2290, 2590, 2288, 1752, 2548, 1758, 2687, 2542, 2687, 2294, 2586, 2292, 1756, 2550, 1754, 2423, 2542, 2423
2322, 2598, 2296, 1760, 2566, 1766, 2640, 2556, 2646, 2302, 2599, 2324, 1754, 2542, 1756, 2464, 2558, 2470
2314, 2606, 2304, 1422, 2558, 1422, 2642, 2548, 2644, 2310, 2605, 2316, 2558, 2558, 2558, 2470, 2550, 2464
2330, 2587, 2328, 1766, 2550, 1760, 2566, 2566, 2566, 2334, 2591, 2332, 1762, 2548, 1764, 2566, 2566, 2566
2338, 2614, 2336, 2574, 2574, 2574, 2574, 2574, 2574, 2342, 2615, 2340, 2574, 2574, 2574, 2431, 2574, 2431
2281, 2535, 2283, 1525, 2583, 1525, 2621, 2495, 2623, 2284, 2534, 2286, 1527, 2583, 1527, 2616, 2491, 2618
2329, 2567, 2331, 1928, 2597, 1941, 2645, 2502, 2647, 2292, 2542, 2294, 1943, 2599, 1930, 2465, 2498, 2467
2297, 2551, 2323, 1936, 2591, 1933, 2607, 2519, 2511, 2324, 2550, 2302, 1930, 2586, 1943, 2505, 2515, 2605
2313, 2557, 2307, 1533, 2605, 1533, 2597, 2509, 2518, 2316, 2558, 2310, 2605, 2605, 2605, 2599, 2505, 2515
2337, 2575, 2339, 2615, 2615, 2615, 2476, 2527, 2478, 2340, 2574, 2342, 2615, 2615, 2615, 2473, 2523, 2475
2394, 2625, 2384, 1984, 2626, 2318, 2679, 2622, 2671, 2616, 2616, 2616, 1578, 2616, 1578, 2491, 2618, 2583
2385, 2617, 2395, 1584, 2624, 1584, 2626, 2628, 2630, 2624, 2624, 2624, 1986, 2618, 2316, 2624, 2624, 2624
2410, 2641, 2400, 2008, 2642, 2342, 2634, 2636, 2638, 2632, 2632, 2632, 2632, 2632, 2632, 2457, 2632, 2457
2401, 2633, 2411, 2640, 2640, 2640, 2556, 2646, 2550, 2640, 2640, 2640, 2010, 2634, 2340, 2499, 2642, 2591
2655, 2655, 2655, 2238, 2655, 2238, 2655, 2655, 2655, 2655, 2655, 2655, 2239, 2655, 2239, 2655, 2655, 2655
2662, 2662, 2662, 2408, 2669, 2414, 2662, 2662, 2662, 2662, 2662, 2662, 2412, 2671, 2410, 2535, 2662, 2535
2671, 2671, 2671, 2411, 2663, 2413, 2616, 2679, 2622, 2671, 2671, 2671, 2410, 2662, 2412, 2617, 2678, 2623
2678, 2678, 2678, 2246, 2678, 2246, 2618, 2669, 2620, 2678, 2678, 2678, 2678, 2678, 2678, 2623, 2671, 2617
2687, 2687, 2687, 2687, 2687, 2687, 2542, 2687, 2542, 2687, 2687, 2687, 2687, 2687, 2687, 2543, 2687, 2543