MPermConj
0, 0, 0, 0, 0, 0, 0, 0, 0, 0, 0, 0, 0, 0, 0, 0
1, 21, 6, 2, 1, 2, 6, 21, 1, 2, 6, 21, 1, 21, 6, 2
2, 1, 21, 6, 21, 1, 2, 6, 21, 1, 2, 6, 2, 1, 21, 6
3, 15, 11, 8, 20, 4, 12, 19, 20, 4, 12, 19, 3, 15, 11, 8
4, 20, 19, 12, 15, 3, 8, 11, 15, 3, 8, 11, 4, 20, 19, 12
5, 14, 5, 14, 14, 5, 14, 5, 14, 5, 14, 5, 5, 14, 5, 14
6, 2, 1, 21, 6, 21, 1, 2, 6, 21, 1, 2, 6, 2, 1, 21
7, 23, 7, 23, 7, 23, 7, 23, 7, 23, 7, 23, 7, 23, 7, 23
8, 3, 15, 11, 19, 20, 4, 12, 19, 20, 4, 12, 8, 3, 15, 11
9, 9, 9, 9, 18, 18, 18, 18, 18, 18, 18, 18, 9, 9, 9, 9
10, 22, 13, 17, 13, 22, 10, 17, 13, 22, 10, 17, 10, 22, 13, 17
11, 8, 3, 15, 12, 19, 20, 4, 12, 19, 20, 4, 11, 8, 3, 15
12, 4, 20, 19, 11, 15, 3, 8, 11, 15, 3, 8, 12, 4, 20, 19
13, 17, 10, 22, 10, 17, 13, 22, 10, 17, 13, 22, 13, 17, 10, 22
14, 5, 14, 5, 5, 14, 5, 14, 5, 14, 5, 14, 14, 5, 14, 5
15, 11, 8, 3, 4, 12, 19, 20, 4, 12, 19, 20, 15, 11, 8, 3
16, 16, 16, 16, 16, 16, 16, 16, 16, 16, 16, 16, 16, 16, 16, 16
17, 10, 22, 13, 17, 13, 22, 10, 17, 13, 22, 10, 17, 10, 22, 13
18, 18, 18, 18, 9, 9, 9, 9, 9, 9, 9, 9, 18, 18, 18, 18
19, 12, 4, 20, 8, 11, 15, 3, 8, 11, 15, 3, 19, 12, 4, 20
20, 19, 12, 4, 3, 8, 11, 15, 3, 8, 11, 15, 20, 19, 12, 4
21, 6, 2, 1, 2, 6, 21, 1, 2, 6, 21, 1, 21, 6, 2, 1
22, 13, 17, 10, 22, 10, 17, 13, 22, 10, 17, 13, 22, 13, 17, 10
23, 7, 23, 7, 23, 7, 23, 7, 23, 7, 23, 7, 23, 7, 23, 7
