MPermMove
0, 0, 0, 21, 1, 0, 0, 0, 2, 6
1, 1, 1, 15, 0, 1, 1, 1, 4, 7
2, 2, 2, 23, 3, 2, 2, 2, 0, 12
3, 3, 3, 9, 2, 3, 3, 3, 5, 13
4, 4, 4, 17, 5, 4, 4, 4, 1, 18
5, 5, 5, 11, 4, 5, 5, 5, 3, 19
6, 6, 6, 19, 7, 6, 6, 6, 8, 0
7, 7, 7, 13, 6, 7, 7, 7, 10, 1
8, 8, 8, 22, 9, 8, 8, 8, 6, 14
9, 9, 9, 3, 8, 9, 9, 9, 11, 15
10, 10, 10, 16, 11, 10, 10, 10, 7, 20
11, 11, 11, 5, 10, 11, 11, 11, 9, 21
12, 12, 12, 18, 13, 12, 12, 12, 14, 2
13, 13, 13, 7, 12, 13, 13, 13, 16, 3
14, 14, 14, 20, 15, 14, 14, 14, 12, 8
15, 15, 15, 1, 14, 15, 15, 15, 17, 9
16, 16, 16, 10, 17, 16, 16, 16, 13, 22
17, 17, 17, 4, 16, 17, 17, 17, 15, 23
18, 18, 18, 12, 19, 18, 18, 18, 20, 4
19, 19, 19, 6, 18, 19, 19, 19, 22, 5
20, 20, 20, 14, 21, 20, 20, 20, 18, 10
21, 21, 21, 0, 20, 21, 21, 21, 23, 11
22, 22, 22, 8, 23, 22, 22, 22, 19, 16
23, 23, 23, 2, 22, 23, 23, 23, 21, 17