Sym8Move

py?

0, 1, 2, 3, 4, 5, 6, 7, 8, 9, 10, 11, 12, 13, 14, 15, 16, 17
0, 1, 2, 12, 13, 14, 15, 16, 17, 9, 10, 11, 3, 4, 5, 6, 7, 8
2, 1, 0, 14, 13, 12, 8, 7, 6, 11, 10, 9, 5, 4, 3, 17, 16, 15
2, 1, 0, 5, 4, 3, 17, 16, 15, 11, 10, 9, 14, 13, 12, 8, 7, 6
9, 10, 11, 12, 13, 14, 6, 7, 8, 0, 1, 2, 3, 4, 5, 15, 16, 17
9, 10, 11, 3, 4, 5, 15, 16, 17, 0, 1, 2, 12, 13, 14, 6, 7, 8
11, 10, 9, 5, 4, 3, 8, 7, 6, 2, 1, 0, 14, 13, 12, 17, 16, 15
11, 10, 9, 14, 13, 12, 17, 16, 15, 2, 1, 0, 5, 4, 3, 8, 7, 6