UDSliceMove
0, 0, 0, 4290, 10752, 4802, 545, 512, 33, 0, 0, 0, 2651, 1024, 2139, 8992, 3072, 8480
1, 1, 1, 4783, 4261, 4787, 534, 9, 530, 2, 3, 4, 2672, 1025, 2160, 11832, 3077, 11440
2, 2, 2, 4789, 4262, 4793, 540, 10, 536, 3, 4, 1, 2587, 1030, 2111, 7995, 3074, 6971
3, 3, 3, 4794, 4263, 4798, 519, 15, 523, 4, 1, 2, 1668, 1027, 644, 8000, 3075, 6976
4, 4, 4, 4776, 4268, 10760, 549, 12, 30, 1, 2, 3, 1672, 1028, 648, 8004, 3076, 6980
8, 7, 6, 4287, 4265, 4805, 552, 13, 31, 5, 5, 5, 1675, 1029, 651, 11952, 3073, 11320
5, 8, 7, 4288, 4266, 4807, 554, 14, 32, 6, 6, 6, 2623, 1026, 2075, 7496, 3078, 6472
6, 5, 8, 4289, 4267, 4808, 527, 11, 515, 7, 7, 7, 1166, 1031, 142, 7497, 3079, 6473
7, 6, 5, 10756, 4264, 4780, 44, 16, 34, 8, 8, 8, 1167, 1032, 143, 7498, 3080, 6474
9, 9, 9, 5363, 7177, 5875, 530, 1, 534, 10, 11, 12, 1621, 45, 1617, 11860, 3085, 11468
10, 10, 10, 5378, 7178, 5890, 536, 2, 540, 11, 12, 9, 2574, 50, 2606, 8051, 3082, 7027
11, 11, 11, 5388, 7179, 5900, 515, 7, 527, 12, 9, 10, 1632, 47, 1112, 8056, 3083, 7032
12, 12, 12, 5342, 7184, 10790, 30, 4, 549, 9, 10, 11, 1636, 48, 1113, 8060, 3084, 7036
16, 15, 14, 3861, 7181, 4885, 31, 5, 552, 13, 13, 13, 1639, 49, 1114, 11980, 3081, 11348
13, 16, 15, 3863, 7182, 4887, 32, 6, 554, 14, 14, 14, 2610, 46, 2570, 7552, 3086, 6528
14, 13, 16, 3864, 7183, 4888, 523, 3, 519, 15, 15, 15, 1130, 51, 1116, 7553, 3087, 6529
15, 14, 13, 10278, 7180, 5854, 34, 8, 44, 16, 16, 16, 1131, 52, 1117, 7554, 3088, 6530
17, 17, 17, 4838, 3273, 4842, 17, 17, 17, 24, 30, 531, 2581, 57, 2613, 7791, 3610, 6887
18, 18, 18, 4843, 3274, 4847, 513, 22, 521, 25, 530, 537, 1653, 54, 1133, 7796, 3615, 6892
19, 19, 19, 5835, 3279, 10775, 19, 19, 19, 529, 536, 542, 1657, 55, 1134, 7800, 3619, 6896
23, 22, 21, 4336, 3276, 4854, 20, 20, 20, 26, 31, 35, 1660, 56, 1135, 8724, 3604, 11284
20, 23, 22, 4337, 3277, 4856, 21, 21, 21, 27, 32, 36, 2617, 53, 2577, 7292, 3111, 6388
21, 20, 23, 4338, 3278, 4857, 521, 18, 513, 28, 33, 37, 1151, 58, 1137, 7293, 3112, 6389
22, 21, 20, 10771, 3275, 5839, 23, 23, 23, 29, 34, 38, 1152, 59, 1138, 7294, 3113, 6390
24, 24, 24, 4858, 3280, 4862, 514, 28, 522, 30, 531, 17, 1568, 580, 1084, 5034, 3096, 1962
25, 25, 25, 5841, 3285, 10781, 25, 25, 25, 530, 537, 18, 1572, 584, 1085, 5038, 3097, 1966
29, 28, 27, 4351, 3282, 4869, 26, 26, 26, 31, 35, 20, 1575, 587, 1086, 10983, 3601, 9839
26, 29, 28, 4352, 3283, 4871, 27, 27, 27, 32, 36, 21, 1542, 575, 2562, 4530, 3099, 1458
27, 26, 29, 4353, 3284, 4872, 522, 24, 514, 33, 37, 22, 1066, 78, 1088, 4531, 3100, 1459
28, 27, 26, 10777, 3281, 5845, 29, 29, 29, 34, 38, 23, 1067, 79, 1089, 4532, 3101, 1460
30, 30, 30, 5846, 3290, 10786, 4, 549, 12, 531, 17, 24, 1682, 66, 130, 5048, 3102, 1976
34, 33, 32, 4361, 3287, 4879, 5, 552, 13, 35, 20, 26, 1685, 67, 131, 10988, 3602, 9844
31, 34, 33, 4362, 3288, 4881, 6, 554, 14, 36, 21, 27, 2628, 572, 2072, 4540, 3104, 1468
32, 31, 34, 4363, 3289, 4882, 0, 545, 512, 37, 22, 28, 1176, 69, 133, 4541, 3105, 1469
33, 32, 31, 10782, 3286, 5850, 8, 44, 16, 38, 23, 29, 1177, 70, 134, 4542, 3106, 1470
38, 37, 36, 4315, 3809, 7721, 35, 35, 35, 20, 26, 31, 1691, 71, 135, 10992, 3603, 9848
35, 38, 37, 4316, 3811, 7723, 36, 36, 36, 21, 27, 32, 2632, 573, 2073, 4546, 3108, 1474
36, 35, 38, 4317, 3812, 7724, 524, 542, 516, 22, 28, 33, 1182, 73, 137, 4547, 3109, 1475
37, 36, 35, 10764, 3806, 7696, 38, 38, 38, 23, 29, 34, 1183, 74, 138, 4548, 3110, 1476
553, 44, 42, 3347, 3295, 4890, 39, 39, 39, 39, 39, 39, 2635, 574, 2074, 7412, 3093, 6268
555, 552, 43, 3348, 3296, 4891, 525, 543, 517, 40, 40, 40, 1185, 76, 140, 7413, 3094, 6269
556, 554, 551, 10275, 3803, 5857, 41, 41, 41, 41, 41, 41, 1186, 77, 141, 7414, 3095, 6270
39, 553, 44, 3350, 3298, 4892, 526, 544, 518, 42, 42, 42, 1102, 64, 1052, 3528, 3114, 456
40, 555, 552, 10276, 3804, 5859, 43, 43, 43, 43, 43, 43, 1103, 65, 1053, 3529, 3115, 457
42, 39, 553, 10277, 3805, 5860, 16, 34, 8, 44, 44, 44, 164, 80, 144, 3530, 3116, 458
45, 45, 45, 5447, 7213, 5959, 2678, 1069, 2166, 46, 47, 48, 1617, 9, 1621, 10801, 169, 10917
46, 46, 46, 5462, 7214, 5974, 2693, 1070, 2181, 47, 48, 45, 2570, 14, 2610, 4902, 166, 4381
47, 47, 47, 5472, 7215, 5984, 2629, 1075, 2145, 48, 45, 46, 1112, 11, 1632, 4907, 167, 4382
48, 48, 48, 5426, 7220, 10826, 1683, 1072, 659, 45, 46, 47, 1113, 12, 1636, 4911, 168, 4383
52, 51, 50, 3945, 7217, 4969, 1686, 1073, 662, 49, 49, 49, 1114, 13, 1639, 10921, 165, 10797
49, 52, 51, 3947, 7218, 4971, 1688, 1074, 664, 50, 50, 50, 2606, 10, 2574, 4403, 170, 4385
50, 49, 52, 3948, 7219, 4972, 2657, 1071, 2117, 51, 51, 51, 1116, 15, 1130, 4404, 171, 4386
51, 50, 49, 10314, 7216, 5938, 1178, 1076, 154, 52, 52, 52, 1117, 16, 1131, 4405, 172, 4387
53, 53, 53, 4922, 3357, 4926, 1649, 81, 1645, 60, 66, 567, 2577, 21, 2617, 7742, 694, 7341
54, 54, 54, 4927, 3358, 4931, 2618, 86, 2642, 61, 566, 573, 1133, 18, 1653, 7747, 699, 7342
55, 55, 55, 5919, 3363, 10811, 1658, 83, 1139, 565, 572, 578, 1134, 19, 1657, 7751, 703, 7343
59, 58, 57, 4420, 3360, 4938, 1661, 84, 1140, 62, 67, 71, 1135, 20, 1660, 8709, 688, 11777
56, 59, 58, 4421, 3361, 4940, 1663, 85, 1141, 63, 68, 72, 2613, 17, 2581, 7243, 195, 7345
57, 56, 59, 4422, 3362, 4941, 2646, 82, 2614, 64, 69, 73, 1137, 22, 1151, 7244, 196, 7346
58, 57, 56, 10807, 3359, 5923, 1153, 87, 1143, 65, 70, 74, 1138, 23, 1152, 7245, 197, 7347
60, 60, 60, 4942, 3364, 4946, 2624, 92, 2648, 66, 567, 53, 1048, 544, 1604, 4943, 180, 3385
61, 61, 61, 5925, 3369, 10817, 1673, 89, 1154, 566, 573, 54, 1049, 548, 1608, 4947, 181, 3386
65, 64, 63, 4435, 3366, 4953, 1676, 90, 1155, 67, 71, 56, 1050, 551, 1611, 10934, 685, 10293
62, 65, 64, 4436, 3367, 4955, 1678, 91, 1156, 68, 72, 57, 1538, 539, 2566, 4439, 183, 3388
63, 62, 65, 4437, 3368, 4956, 2652, 88, 2620, 69, 73, 58, 1052, 42, 1102, 4440, 184, 3389
64, 63, 62, 10813, 3365, 5929, 1168, 93, 1158, 70, 74, 59, 1053, 43, 1103, 4441, 185, 3390
66, 66, 66, 5930, 3374, 10822, 1609, 613, 1118, 567, 53, 60, 130, 30, 1682, 4957, 186, 3391
70, 69, 68, 4445, 3371, 4963, 1612, 616, 1119, 71, 56, 62, 131, 31, 1685, 10939, 686, 10294
67, 70, 69, 4446, 3372, 4965, 1614, 618, 1120, 72, 57, 63, 2108, 536, 2592, 4449, 188, 3393
68, 67, 70, 4447, 3373, 4966, 1587, 609, 2607, 73, 58, 64, 133, 33, 1176, 4450, 189, 3394
69, 68, 67, 10818, 3370, 5934, 1104, 108, 1122, 74, 59, 65, 134, 34, 1177, 4451, 190, 3395
74, 73, 72, 4399, 3893, 7757, 1692, 99, 145, 56, 62, 67, 135, 35, 1691, 10943, 687, 10295
71, 74, 73, 4400, 3895, 7759, 1694, 100, 146, 57, 63, 68, 2109, 537, 2596, 4455, 192, 3397
72, 71, 74, 4401, 3896, 7760, 2661, 606, 2114, 58, 64, 69, 137, 37, 1182, 4456, 193, 3398
73, 72, 71, 10800, 3890, 7732, 1184, 102, 148, 59, 65, 70, 138, 38, 1183, 4457, 194, 3399
589, 80, 78, 3431, 3379, 4974, 1697, 103, 149, 75, 75, 75, 2110, 538, 2599, 7363, 177, 7225
591, 588, 79, 3432, 3380, 4975, 2664, 607, 2115, 76, 76, 76, 140, 40, 1185, 7364, 178, 7226
592, 590, 587, 10311, 3887, 5941, 1187, 105, 151, 77, 77, 77, 141, 41, 1186, 7365, 179, 7227
75, 589, 80, 3434, 3382, 4976, 2666, 608, 2116, 78, 78, 78, 1088, 28, 1066, 3437, 198, 3403
76, 591, 588, 10312, 3888, 5943, 1188, 107, 153, 79, 79, 79, 1089, 29, 1067, 3438, 199, 3404
78, 75, 589, 10313, 3889, 5944, 1132, 98, 1094, 80, 80, 80, 144, 44, 164, 3439, 200, 3405
81, 81, 81, 8625, 3153, 9137, 1645, 53, 1649, 88, 94, 595, 2057, 85, 2093, 7770, 722, 7369
82, 82, 82, 8635, 3154, 9147, 2614, 58, 2646, 89, 594, 601, 82, 82, 82, 7775, 727, 7370
83, 83, 83, 11647, 3159, 11899, 1139, 55, 1658, 593, 600, 606, 83, 83, 83, 7779, 731, 7371
87, 86, 85, 7108, 3156, 8132, 1140, 56, 1661, 90, 95, 99, 84, 84, 84, 8717, 716, 11785
84, 87, 86, 7110, 3157, 8134, 1141, 57, 1663, 91, 96, 100, 2093, 81, 2057, 7271, 223, 7373
85, 84, 87, 7111, 3158, 8135, 2642, 54, 2618, 92, 97, 101, 86, 86, 86, 7272, 224, 7374
86, 85, 84, 11387, 3155, 12159, 1143, 59, 1153, 93, 98, 102, 87, 87, 87, 7273, 225, 7375
88, 88, 88, 8655, 3160, 9167, 2620, 64, 2652, 94, 595, 81, 1035, 608, 1071, 4999, 208, 3441
89, 89, 89, 11662, 3165, 11914, 1154, 61, 1673, 594, 601, 82, 1036, 612, 1072, 5003, 209, 3442
93, 92, 91, 7128, 3162, 8152, 1155, 62, 1676, 95, 99, 84, 1037, 615, 1073, 10962, 713, 10321
90, 93, 92, 7130, 3163, 8154, 1156, 63, 1678, 96, 100, 85, 1536, 603, 2560, 4495, 211, 3444
91, 90, 93, 7131, 3164, 8155, 2648, 60, 2624, 97, 101, 86, 1039, 106, 1075, 4496, 212, 3445
92, 91, 90, 11402, 3161, 12174, 1158, 65, 1168, 98, 102, 87, 1040, 107, 1076, 4497, 213, 3446
94, 94, 94, 11672, 3170, 11924, 1090, 585, 1637, 595, 81, 88, 94, 94, 94, 5013, 214, 3447
98, 97, 96, 7138, 3167, 8162, 1091, 588, 1640, 99, 84, 90, 95, 95, 95, 10967, 714, 10322
95, 98, 97, 7140, 3168, 8164, 1092, 590, 1642, 100, 85, 91, 2095, 600, 2059, 4505, 216, 3449
96, 95, 98, 7141, 3169, 8165, 1583, 581, 2611, 101, 86, 92, 97, 97, 97, 4506, 217, 3450
97, 96, 95, 11412, 3166, 12184, 1094, 80, 1132, 102, 87, 93, 98, 98, 98, 4507, 218, 3451
102, 101, 100, 7073, 3689, 7837, 145, 71, 1692, 84, 90, 95, 99, 99, 99, 10971, 715, 10323
99, 102, 101, 7075, 3691, 7839, 146, 72, 1694, 85, 91, 96, 2096, 601, 2060, 4511, 220, 3453
100, 99, 102, 7076, 3692, 7840, 2142, 578, 2633, 86, 92, 97, 101, 101, 101, 4512, 221, 3454
101, 100, 99, 11366, 3686, 8806, 148, 74, 1184, 87, 93, 98, 102, 102, 102, 4513, 222, 3455
617, 108, 106, 2027, 3175, 5099, 149, 75, 1697, 103, 103, 103, 2097, 602, 2061, 7391, 205, 7253
619, 616, 107, 2028, 3176, 5100, 2143, 579, 2636, 104, 104, 104, 104, 104, 104, 7392, 206, 7254
620, 618, 615, 9885, 3683, 11169, 151, 77, 1187, 105, 105, 105, 105, 105, 105, 7393, 207, 7255
103, 617, 108, 2029, 3178, 5101, 2144, 580, 2638, 106, 106, 106, 1075, 92, 1039, 3493, 226, 3459
104, 619, 616, 9887, 3684, 11171, 153, 79, 1188, 107, 107, 107, 1076, 93, 1040, 3494, 227, 3460
106, 103, 617, 9888, 3685, 11172, 1122, 70, 1104, 108, 108, 108, 108, 108, 108, 3495, 228, 3461
109, 109, 109, 5033, 369, 5037, 2101, 113, 2129, 130, 2163, 1646, 1042, 629, 1078, 4739, 1787, 3301
110, 110, 110, 11122, 374, 10866, 110, 110, 110, 2157, 2178, 1651, 1043, 633, 1079, 4743, 1791, 3302
114, 113, 112, 4526, 371, 5044, 111, 111, 111, 131, 145, 1144, 1044, 636, 1080, 5658, 2791, 10257
111, 114, 113, 4527, 372, 5046, 112, 112, 112, 132, 146, 1145, 1537, 624, 2561, 4235, 1283, 3304
112, 111, 114, 4528, 373, 5047, 2129, 109, 2101, 133, 147, 1146, 1046, 127, 1082, 4236, 1284, 3305
113, 112, 111, 10862, 370, 11126, 114, 114, 114, 134, 148, 1147, 1047, 128, 1083, 4237, 1285, 3306
115, 115, 115, 11127, 379, 10871, 1079, 634, 1107, 2158, 1645, 1666, 115, 115, 115, 4753, 1801, 3307
119, 118, 117, 4536, 376, 5054, 1080, 637, 1108, 135, 1140, 1159, 116, 116, 116, 5663, 2796, 10258
116, 119, 118, 4537, 377, 5056, 1081, 639, 1109, 136, 1141, 1160, 2102, 621, 2066, 4245, 1293, 3309
117, 116, 119, 4538, 378, 5057, 1581, 630, 2605, 137, 1142, 1161, 118, 118, 118, 4246, 1294, 3310
118, 117, 116, 10867, 375, 11131, 1083, 129, 1111, 138, 1143, 1162, 119, 119, 119, 4247, 1295, 3311
123, 122, 121, 7548, 898, 7806, 120, 120, 120, 1135, 1155, 1169, 120, 120, 120, 5667, 2800, 10259
120, 123, 122, 7549, 900, 7808, 121, 121, 121, 1136, 1156, 1170, 2103, 622, 2067, 4251, 1299, 3313
121, 120, 123, 7550, 901, 7809, 2131, 627, 2103, 1137, 1157, 1171, 122, 122, 122, 4252, 1300, 3314
122, 121, 120, 11859, 895, 8791, 123, 123, 123, 1138, 1158, 1172, 123, 123, 123, 4253, 1301, 3315
638, 129, 127, 3522, 384, 5065, 124, 124, 124, 139, 149, 155, 2104, 623, 2068, 4135, 1268, 7189
640, 637, 128, 3523, 385, 5066, 2132, 628, 2104, 140, 150, 156, 125, 125, 125, 4136, 1269, 7190
641, 639, 636, 10360, 892, 11138, 126, 126, 126, 141, 151, 157, 126, 126, 126, 4137, 1270, 7191
124, 638, 129, 3525, 387, 5067, 2133, 629, 2105, 142, 152, 158, 1082, 113, 1046, 3233, 281, 3319
125, 640, 637, 10361, 893, 11140, 128, 128, 128, 143, 153, 159, 1083, 114, 1047, 3234, 282, 3320
127, 124, 638, 10362, 894, 11141, 1111, 119, 1083, 144, 154, 160, 129, 129, 129, 3235, 283, 3321
130, 130, 130, 11142, 394, 10886, 1085, 649, 1113, 2163, 1646, 109, 30, 1682, 66, 5068, 250, 425
134, 133, 132, 4556, 391, 5074, 1086, 652, 1114, 145, 1144, 111, 31, 1685, 67, 11003, 2277, 9325
131, 134, 133, 4557, 392, 5076, 1087, 654, 1115, 146, 1145, 112, 515, 2692, 2051, 4560, 252, 427
132, 131, 134, 4558, 393, 5077, 1582, 645, 2606, 147, 1146, 113, 33, 1176, 69, 4561, 253, 428
133, 132, 131, 10882, 390, 11146, 1089, 144, 1117, 148, 1147, 114, 34, 1177, 70, 4562, 254, 429
138, 137, 136, 7563, 913, 7821, 135, 135, 135, 1140, 1159, 116, 35, 1691, 71, 11007, 2278, 9326
135, 138, 137, 7564, 915, 7823, 136, 136, 136, 1141, 1160, 117, 516, 2696, 2052, 4566, 256, 431
136, 135, 138, 7565, 916, 7824, 2137, 642, 2109, 1142, 1161, 118, 37, 1182, 73, 4567, 257, 432
137, 136, 135, 11865, 910, 8797, 138, 138, 138, 1143, 1162, 119, 38, 1183, 74, 4568, 258, 433
653, 144, 142, 3542, 399, 5085, 139, 139, 139, 149, 155, 124, 517, 2699, 2053, 7427, 1256, 6256
655, 652, 143, 3543, 400, 5086, 2138, 643, 2110, 150, 156, 125, 40, 1185, 76, 7428, 1257, 6257
656, 654, 651, 10375, 907, 11153, 141, 141, 141, 151, 157, 126, 41, 1186, 77, 7429, 1258, 6258
139, 653, 144, 3545, 402, 5087, 2139, 644, 2111, 152, 158, 127, 7, 1166, 1031, 3548, 262, 437
140, 655, 652, 10376, 908, 11155, 143, 143, 143, 153, 159, 128, 8, 1167, 1032, 3549, 263, 438
142, 139, 653, 10377, 909, 11156, 1117, 134, 1089, 154, 160, 129, 44, 164, 80, 3550, 264, 439
148, 147, 146, 7573, 923, 7831, 71, 1692, 99, 1144, 111, 131, 145, 145, 145, 11017, 2283, 9331
145, 148, 147, 7574, 925, 7833, 72, 1694, 100, 1145, 112, 132, 2114, 2178, 2078, 4576, 266, 441
146, 145, 148, 7575, 926, 7834, 560, 2707, 2096, 1146, 113, 133, 147, 147, 147, 4577, 267, 442
147, 146, 145, 11870, 920, 8802, 74, 1184, 102, 1147, 114, 134, 148, 148, 148, 4578, 268, 443
663, 154, 152, 3552, 409, 5095, 75, 1697, 103, 155, 124, 139, 2115, 2179, 2079, 7437, 1261, 6261
665, 662, 153, 3553, 410, 5096, 561, 2710, 2097, 156, 125, 140, 150, 150, 150, 7438, 1262, 6262
666, 664, 661, 10385, 917, 11163, 77, 1187, 105, 157, 126, 141, 151, 151, 151, 7439, 1263, 6263
149, 663, 154, 3555, 412, 5097, 562, 2712, 2098, 158, 127, 142, 1093, 1157, 1057, 3558, 272, 447
150, 665, 662, 10386, 918, 11165, 79, 1188, 107, 159, 128, 143, 1094, 1158, 1058, 3559, 273, 448
152, 149, 663, 10387, 919, 11166, 52, 1178, 1076, 160, 129, 144, 154, 154, 154, 3560, 274, 449
669, 160, 158, 3487, 1958, 4770, 155, 155, 155, 124, 139, 149, 2119, 2183, 2083, 7443, 1265, 6265
671, 668, 159, 3488, 1959, 4771, 2147, 2193, 2119, 125, 140, 150, 156, 156, 156, 7444, 1266, 6266
672, 670, 667, 10339, 2977, 5737, 157, 157, 157, 126, 141, 151, 157, 157, 157, 7445, 1267, 6267
155, 669, 160, 3490, 1960, 4772, 2148, 2194, 2120, 127, 142, 152, 1097, 1161, 1061, 3562, 278, 453
156, 671, 668, 10340, 2979, 5739, 159, 159, 159, 128, 143, 153, 1098, 1162, 1062, 3563, 279, 454
158, 155, 669, 10341, 2980, 5740, 1126, 1172, 1098, 129, 144, 154, 160, 160, 160, 3564, 280, 455
1698, 2211, 164, 490, 421, 5102, 2151, 2197, 2123, 161, 161, 161, 1100, 1164, 1064, 3353, 247, 3199
1699, 2212, 2209, 9371, 2463, 11174, 162, 162, 162, 162, 162, 162, 1101, 1165, 1065, 3354, 248, 3200
1700, 1697, 2210, 9372, 2464, 11175, 1129, 1175, 1101, 163, 163, 163, 163, 163, 163, 3355, 249, 3201
161, 1698, 2211, 9374, 2466, 11176, 1131, 1177, 1103, 164, 164, 164, 80, 144, 44, 494, 284, 459
165, 165, 165, 691, 6145, 687, 2798, 1189, 2286, 166, 167, 168, 9076, 3237, 8564, 10797, 49, 10921
166, 166, 166, 697, 6146, 693, 2813, 1190, 2301, 167, 168, 165, 11987, 3242, 11559, 4381, 46, 4902
167, 167, 167, 702, 6147, 698, 2749, 1195, 2265, 168, 165, 166, 8072, 3239, 7048, 4382, 47, 4907
168, 168, 168, 684, 6152, 9220, 1803, 1192, 779, 165, 166, 167, 8076, 3240, 7052, 4383, 48, 4911
172, 171, 170, 709, 6149, 191, 1806, 1193, 782, 169, 169, 169, 8079, 3241, 7055, 10917, 45, 10801
169, 172, 171, 711, 6150, 192, 1808, 1194, 784, 170, 170, 170, 12071, 3238, 11475, 4385, 50, 4403
170, 169, 172, 712, 6151, 193, 2777, 1191, 2237, 171, 171, 171, 7570, 3243, 6546, 4386, 51, 4404
171, 170, 169, 9224, 6148, 680, 1298, 1196, 274, 172, 172, 172, 7571, 3244, 6547, 4387, 52, 4405
173, 173, 173, 173, 173, 173, 1769, 201, 1765, 180, 186, 687, 12008, 3249, 11580, 7221, 574, 7862
174, 174, 174, 174, 174, 174, 2738, 206, 2762, 181, 686, 693, 8107, 3246, 7083, 7222, 579, 7867
175, 175, 175, 677, 179, 9217, 1778, 203, 1259, 685, 692, 698, 8111, 3247, 7087, 7223, 583, 7871
179, 178, 177, 176, 176, 176, 1781, 204, 1260, 182, 187, 191, 8114, 3248, 7090, 8705, 568, 11781
176, 179, 178, 177, 177, 177, 1783, 205, 1261, 183, 188, 192, 12092, 3245, 11496, 7225, 75, 7363
177, 176, 179, 178, 178, 178, 2766, 202, 2734, 184, 189, 193, 7605, 3250, 6581, 7226, 76, 7364
178, 177, 176, 9217, 175, 677, 1273, 207, 1263, 185, 190, 194, 7606, 3251, 6582, 7227, 77, 7365
180, 180, 180, 180, 180, 180, 2744, 212, 2768, 186, 687, 173, 7932, 3772, 6992, 3385, 60, 4943
181, 181, 181, 678, 185, 9218, 1793, 209, 1274, 686, 693, 174, 7936, 3776, 6996, 3386, 61, 4947
185, 184, 183, 182, 182, 182, 1796, 210, 1275, 187, 191, 176, 7939, 3779, 6999, 10413, 565, 10814
182, 185, 184, 183, 183, 183, 1798, 211, 1276, 188, 192, 177, 8887, 3767, 11447, 3388, 63, 4439
183, 182, 185, 184, 184, 184, 2772, 208, 2740, 189, 193, 178, 7430, 3270, 6490, 3389, 64, 4440
184, 183, 182, 9218, 181, 678, 1288, 213, 1278, 190, 194, 179, 7431, 3271, 6491, 3390, 65, 4441
186, 186, 186, 679, 190, 9219, 1729, 733, 1238, 687, 173, 180, 5069, 3258, 1997, 3391, 66, 4957
190, 189, 188, 187, 187, 187, 1732, 736, 1239, 191, 176, 182, 5072, 3259, 2000, 10414, 566, 10819
187, 190, 189, 188, 188, 188, 1734, 738, 1240, 192, 177, 183, 11088, 3764, 9980, 3393, 68, 4449
188, 187, 190, 189, 189, 189, 1707, 729, 2727, 193, 178, 184, 4563, 3261, 1491, 3394, 69, 4450
189, 188, 187, 9219, 186, 679, 1224, 228, 1242, 194, 179, 185, 4564, 3262, 1492, 3395, 70, 4451
194, 193, 192, 169, 709, 6149, 1812, 219, 265, 176, 182, 187, 5078, 3263, 2006, 10415, 567, 10823
191, 194, 193, 170, 711, 6150, 1814, 220, 266, 177, 183, 188, 11092, 3765, 9984, 3397, 72, 4455
192, 191, 194, 171, 712, 6151, 2781, 726, 2234, 178, 184, 189, 4569, 3265, 1497, 3398, 73, 4456
193, 192, 191, 9216, 706, 6144, 1304, 222, 268, 179, 185, 190, 4570, 3266, 1498, 3399, 74, 4457
709, 200, 198, 195, 195, 195, 1817, 223, 269, 195, 195, 195, 11095, 3766, 9987, 7345, 57, 7243
711, 708, 199, 196, 196, 196, 2784, 727, 2235, 196, 196, 196, 4572, 3268, 1500, 7346, 58, 7244
712, 710, 707, 9221, 703, 681, 1307, 225, 271, 197, 197, 197, 4573, 3269, 1501, 7347, 59, 7245
195, 709, 200, 198, 198, 198, 2786, 728, 2236, 198, 198, 198, 7514, 3256, 6406, 3403, 78, 3437
196, 711, 708, 9222, 704, 682, 1308, 227, 273, 199, 199, 199, 7515, 3257, 6407, 3404, 79, 3438
198, 195, 709, 9223, 705, 683, 1252, 218, 1214, 200, 200, 200, 3551, 3272, 479, 3405, 80, 3439
201, 201, 201, 1770, 3089, 1766, 1765, 173, 1769, 208, 214, 715, 10957, 289, 11037, 7249, 602, 7890
202, 202, 202, 1775, 3090, 1771, 2734, 178, 2766, 209, 714, 721, 4985, 286, 4465, 7250, 607, 7895
203, 203, 203, 2767, 3095, 9747, 1259, 175, 1778, 713, 720, 726, 4989, 287, 4466, 7251, 611, 7899
207, 206, 205, 1782, 3092, 1264, 1260, 176, 1781, 210, 215, 219, 4992, 288, 4467, 8713, 596, 11789
204, 207, 206, 1784, 3093, 1265, 1261, 177, 1783, 211, 216, 220, 11041, 285, 10953, 7253, 103, 7391
205, 204, 207, 1785, 3094, 1266, 2762, 174, 2738, 212, 217, 221, 4483, 290, 4469, 7254, 104, 7392
206, 205, 204, 9751, 3091, 2763, 1263, 179, 1273, 213, 218, 222, 4484, 291, 4470, 7255, 105, 7393
208, 208, 208, 1790, 3096, 1786, 2740, 184, 2772, 214, 715, 201, 7896, 812, 7460, 3441, 88, 4999
209, 209, 209, 2773, 3101, 9753, 1274, 181, 1793, 714, 721, 202, 7900, 816, 7461, 3442, 89, 5003
213, 212, 211, 1797, 3098, 1279, 1275, 182, 1796, 215, 219, 204, 7903, 819, 7462, 10441, 593, 10842
210, 213, 212, 1799, 3099, 1280, 1276, 183, 1798, 216, 220, 205, 8874, 807, 11942, 3444, 91, 4495
211, 210, 213, 1800, 3100, 1281, 2768, 180, 2744, 217, 221, 206, 7394, 310, 7464, 3445, 92, 4496
212, 211, 210, 9757, 3097, 2769, 1278, 185, 1288, 218, 222, 207, 7395, 311, 7465, 3446, 93, 4497
214, 214, 214, 2778, 3106, 9758, 1210, 705, 1757, 715, 201, 208, 5014, 298, 3462, 3447, 94, 5013
218, 217, 216, 1807, 3103, 1289, 1211, 708, 1760, 219, 204, 210, 5017, 299, 3463, 10442, 594, 10847
215, 218, 217, 1809, 3104, 1290, 1212, 710, 1762, 220, 205, 211, 11052, 804, 10448, 3449, 96, 4505
216, 215, 218, 1810, 3105, 1291, 1703, 701, 2731, 221, 206, 212, 4508, 301, 3465, 3450, 97, 4506
217, 216, 215, 9762, 3102, 2774, 1214, 200, 1252, 222, 207, 213, 4509, 302, 3466, 3451, 98, 4507
222, 221, 220, 1761, 3625, 6179, 265, 191, 1812, 204, 210, 215, 5023, 303, 3467, 10443, 595, 10851
219, 222, 221, 1763, 3627, 6180, 266, 192, 1814, 205, 211, 216, 11056, 805, 10449, 3453, 100, 4511
220, 219, 222, 1764, 3628, 6181, 2262, 698, 2753, 206, 212, 217, 4514, 305, 3469, 3454, 101, 4512
221, 220, 219, 9744, 3622, 6668, 268, 194, 1304, 207, 213, 218, 4515, 306, 3470, 3455, 102, 4513
737, 228, 226, 1818, 3111, 275, 269, 195, 1817, 223, 223, 223, 11059, 806, 10450, 7373, 85, 7271
739, 736, 227, 1819, 3112, 276, 2263, 699, 2756, 224, 224, 224, 4517, 308, 3472, 7374, 86, 7272
740, 738, 735, 9769, 3619, 2267, 271, 197, 1307, 225, 225, 225, 4518, 309, 3473, 7375, 87, 7273
223, 737, 228, 1820, 3114, 278, 2264, 700, 2758, 226, 226, 226, 7478, 296, 7380, 3459, 106, 3493
224, 739, 736, 9771, 3620, 2268, 273, 199, 1308, 227, 227, 227, 7479, 297, 7381, 3460, 107, 3494
226, 223, 737, 9772, 3621, 2269, 1242, 190, 1224, 228, 228, 228, 3496, 312, 3476, 3461, 108, 3495
229, 229, 229, 229, 229, 229, 2221, 233, 2249, 250, 2283, 1766, 7917, 833, 7481, 3181, 1667, 4859
230, 230, 230, 2249, 234, 9233, 230, 230, 230, 2277, 2298, 1771, 7921, 837, 7482, 3182, 1671, 4863
234, 233, 232, 231, 231, 231, 231, 231, 231, 251, 265, 1264, 7924, 840, 7483, 5137, 2671, 10778
231, 234, 233, 232, 232, 232, 232, 232, 232, 252, 266, 1265, 8881, 828, 11949, 3184, 1163, 4355
232, 231, 234, 233, 233, 233, 2249, 229, 2221, 253, 267, 1266, 7415, 331, 7485, 3185, 1164, 4356
233, 232, 231, 9233, 230, 2249, 234, 234, 234, 254, 268, 1267, 7416, 332, 7486, 3186, 1165, 4357
235, 235, 235, 2250, 239, 9234, 1199, 754, 1227, 2278, 1765, 1786, 5049, 319, 3497, 3187, 1681, 4873
239, 238, 237, 236, 236, 236, 1200, 757, 1228, 255, 1260, 1279, 5052, 320, 3498, 5138, 2676, 10783
236, 239, 238, 237, 237, 237, 1201, 759, 1229, 256, 1261, 1280, 11073, 825, 10469, 3189, 1173, 4365
237, 236, 239, 238, 238, 238, 1701, 750, 2725, 257, 1262, 1281, 4543, 322, 3500, 3190, 1174, 4366
238, 237, 236, 9234, 235, 2250, 1203, 249, 1231, 258, 1263, 1282, 4544, 323, 3501, 3191, 1175, 4367
243, 242, 241, 1228, 758, 6164, 240, 240, 240, 1255, 1275, 1289, 5058, 324, 3502, 5139, 2680, 10787
240, 243, 242, 1229, 760, 6165, 241, 241, 241, 1256, 1276, 1290, 11077, 826, 10470, 3193, 1179, 4371
241, 240, 243, 1230, 761, 6166, 2251, 747, 2223, 1257, 1277, 1291, 4549, 326, 3504, 3194, 1180, 4372
242, 241, 240, 9737, 755, 6665, 243, 243, 243, 1258, 1278, 1292, 4550, 327, 3505, 3195, 1181, 4373
758, 249, 247, 244, 244, 244, 244, 244, 244, 259, 269, 275, 11080, 827, 10471, 4117, 1148, 7207
760, 757, 248, 245, 245, 245, 2252, 748, 2224, 260, 270, 276, 4552, 329, 3507, 4118, 1149, 7208
761, 759, 756, 9236, 752, 2252, 246, 246, 246, 261, 271, 277, 4553, 330, 3508, 4119, 1150, 7209
244, 758, 249, 247, 247, 247, 2253, 749, 2225, 262, 272, 278, 7499, 317, 7401, 3199, 161, 3353
245, 760, 757, 9237, 753, 2253, 248, 248, 248, 263, 273, 279, 7500, 318, 7402, 3200, 162, 3354
247, 244, 758, 9238, 754, 2254, 1231, 239, 1203, 264, 274, 280, 3531, 333, 3511, 3201, 163, 3355
250, 250, 250, 2256, 254, 9240, 1205, 769, 1233, 2283, 1766, 229, 4874, 1886, 3406, 425, 130, 5068
254, 253, 252, 251, 251, 251, 1206, 772, 1234, 265, 1264, 231, 4877, 1889, 3407, 9445, 2157, 10883
251, 254, 253, 252, 252, 252, 1207, 774, 1235, 266, 1265, 232, 5820, 2896, 10420, 427, 132, 4560
252, 251, 254, 253, 253, 253, 1702, 765, 2726, 267, 1266, 233, 4368, 1380, 3409, 428, 133, 4561
253, 252, 251, 9240, 250, 2256, 1209, 264, 1237, 268, 1267, 234, 4369, 1381, 3410, 429, 134, 4562
258, 257, 256, 1234, 773, 6170, 255, 255, 255, 1260, 1279, 236, 4883, 1895, 3411, 9446, 2158, 10887
255, 258, 257, 1235, 775, 6171, 256, 256, 256, 1261, 1280, 237, 5824, 2900, 10421, 431, 136, 4566
256, 255, 258, 1236, 776, 6172, 2257, 762, 2229, 1262, 1281, 238, 4374, 1386, 3413, 432, 137, 4567
257, 256, 255, 9738, 770, 6666, 258, 258, 258, 1263, 1282, 239, 4375, 1387, 3414, 433, 138, 4568
773, 264, 262, 259, 259, 259, 259, 259, 259, 269, 275, 244, 5827, 2903, 10422, 6376, 1136, 7307
775, 772, 263, 260, 260, 260, 2258, 763, 2230, 270, 276, 245, 4377, 1389, 3416, 6377, 1137, 7308
776, 774, 771, 9242, 767, 2258, 261, 261, 261, 271, 277, 246, 4378, 1390, 3417, 6378, 1138, 7309
259, 773, 264, 262, 262, 262, 2259, 764, 2231, 272, 278, 247, 4294, 1370, 7352, 437, 142, 3548
260, 775, 772, 9243, 768, 2259, 263, 263, 263, 273, 279, 248, 4295, 1371, 7353, 438, 143, 3549
262, 259, 773, 9244, 769, 2260, 1237, 254, 1209, 274, 280, 249, 3356, 368, 3420, 439, 144, 3550
268, 267, 266, 1239, 783, 6175, 191, 1812, 219, 1264, 231, 251, 5088, 349, 460, 9451, 2163, 10897
265, 268, 267, 1240, 785, 6176, 192, 1814, 220, 1265, 232, 252, 11102, 2382, 9466, 441, 146, 4576
266, 265, 268, 1241, 786, 6177, 680, 2827, 2216, 1266, 233, 253, 4579, 351, 462, 442, 147, 4577
267, 266, 265, 9739, 780, 6667, 194, 1304, 222, 1267, 234, 254, 4580, 352, 463, 443, 148, 4578
783, 274, 272, 269, 269, 269, 195, 1817, 223, 275, 244, 259, 11105, 2383, 9467, 6381, 1141, 7317
785, 782, 273, 270, 270, 270, 681, 2830, 2217, 276, 245, 260, 4582, 354, 465, 6382, 1142, 7318
786, 784, 781, 9247, 777, 2263, 197, 1307, 225, 277, 246, 261, 4583, 355, 466, 6383, 1143, 7319
269, 783, 274, 272, 272, 272, 682, 2832, 2218, 278, 247, 262, 7524, 1361, 6397, 447, 152, 3558
270, 785, 782, 9248, 778, 2264, 199, 1308, 227, 279, 248, 263, 7525, 1362, 6398, 448, 153, 3559
272, 269, 783, 9249, 779, 2265, 172, 1298, 1196, 280, 249, 264, 3561, 358, 469, 449, 154, 3560
789, 280, 278, 223, 1818, 3111, 275, 275, 275, 244, 259, 269, 11111, 2387, 9471, 6385, 1145, 7323
791, 788, 279, 224, 1819, 3112, 2267, 2313, 2239, 245, 260, 270, 4586, 360, 471, 6386, 1146, 7324
792, 790, 787, 9229, 2837, 3597, 277, 277, 277, 246, 261, 271, 4587, 361, 472, 6387, 1147, 7325
275, 789, 280, 226, 1820, 3114, 2268, 2314, 2240, 247, 262, 272, 7530, 1365, 6401, 453, 158, 3562
276, 791, 788, 9230, 2839, 3598, 279, 279, 279, 248, 263, 273, 7531, 1366, 6402, 454, 159, 3563
278, 275, 789, 9231, 2840, 3599, 1246, 1292, 1218, 249, 264, 274, 3565, 364, 475, 455, 160, 3564
1818, 2331, 284, 281, 281, 281, 2271, 2317, 2243, 281, 281, 281, 7533, 1368, 6404, 3319, 127, 3233
1819, 2332, 2329, 9255, 2323, 2271, 282, 282, 282, 282, 282, 282, 7534, 1369, 6405, 3320, 128, 3234
1820, 1817, 2330, 9256, 2324, 2272, 1249, 1295, 1221, 283, 283, 283, 3566, 367, 478, 3321, 129, 3235
281, 1818, 2331, 9258, 2326, 2274, 1251, 1297, 1223, 284, 284, 284, 3440, 348, 3336, 459, 164, 494
285, 285, 285, 1854, 3125, 1850, 9132, 3357, 8620, 292, 298, 799, 10953, 205, 11041, 6190, 806, 6310
286, 286, 286, 1859, 3126, 1855, 12098, 3362, 11642, 293, 798, 805, 4465, 202, 4985, 6191, 811, 6311
287, 287, 287, 2851, 3131, 9783, 8122, 3359, 7098, 797, 804, 810, 4466, 203, 4989, 6192, 815, 6312
291, 290, 289, 1866, 3128, 1348, 8125, 3360, 7101, 294, 299, 303, 4467, 204, 4992, 8192, 800, 11264
288, 291, 290, 1868, 3129, 1349, 8127, 3361, 7103, 295, 300, 304, 11037, 201, 10957, 6194, 307, 6314
289, 288, 291, 1869, 3130, 1350, 12154, 3358, 11586, 296, 301, 305, 4469, 206, 4483, 6195, 308, 6315
290, 289, 288, 9787, 3127, 2847, 7617, 3363, 6593, 297, 302, 306, 4470, 207, 4484, 6196, 309, 6316
292, 292, 292, 1874, 3132, 1870, 12113, 3368, 11657, 298, 799, 285, 7376, 728, 7980, 292, 292, 292
293, 293, 293, 2857, 3137, 9789, 8142, 3365, 7118, 798, 805, 286, 7377, 732, 7984, 293, 293, 293
297, 296, 295, 1881, 3134, 1363, 8145, 3366, 7121, 299, 303, 288, 7378, 735, 7987, 9382, 797, 9262
294, 297, 296, 1883, 3135, 1364, 8147, 3367, 7123, 300, 304, 289, 8870, 723, 11946, 295, 295, 295
295, 294, 297, 1884, 3136, 1365, 12169, 3364, 11601, 301, 305, 290, 7380, 226, 7478, 296, 296, 296
296, 295, 294, 9793, 3133, 2853, 7637, 3369, 6613, 302, 306, 291, 7381, 227, 7479, 297, 297, 297
298, 298, 298, 2862, 3142, 9794, 8031, 3889, 7063, 799, 285, 292, 3462, 214, 5014, 298, 298, 298
302, 301, 300, 1891, 3139, 1373, 8034, 3892, 7066, 303, 288, 294, 3463, 215, 5017, 9383, 798, 9263
299, 302, 301, 1893, 3140, 1374, 8036, 3894, 7068, 304, 289, 295, 10532, 720, 10968, 300, 300, 300
300, 299, 302, 1894, 3141, 1375, 9005, 3885, 11565, 305, 290, 296, 3465, 217, 4508, 301, 301, 301
301, 300, 299, 9798, 3138, 2858, 7526, 3384, 6558, 306, 291, 297, 3466, 218, 4509, 302, 302, 302
306, 305, 304, 1845, 3661, 6215, 5089, 3375, 2017, 288, 294, 299, 3467, 219, 5023, 9384, 799, 9264
303, 306, 305, 1847, 3663, 6216, 5091, 3376, 2019, 289, 295, 300, 10533, 721, 10972, 304, 304, 304
304, 303, 306, 1848, 3664, 6217, 11159, 3882, 10079, 290, 296, 301, 3469, 221, 4514, 305, 305, 305
305, 304, 303, 9780, 3658, 6704, 4581, 3378, 1509, 291, 297, 302, 3470, 222, 4515, 306, 306, 306
821, 312, 310, 1902, 3147, 359, 5094, 3379, 2022, 307, 307, 307, 10534, 722, 10975, 6314, 289, 6194
823, 820, 311, 1903, 3148, 360, 11162, 3883, 10082, 308, 308, 308, 3472, 224, 4517, 6315, 290, 6195
824, 822, 819, 9805, 3655, 2351, 4584, 3381, 1512, 309, 309, 309, 3473, 225, 4518, 6316, 291, 6196
307, 821, 312, 1904, 3150, 362, 11164, 3884, 10084, 310, 310, 310, 7464, 212, 7394, 310, 310, 310
308, 823, 820, 9807, 3656, 2352, 4585, 3383, 1513, 311, 311, 311, 7465, 213, 7395, 311, 311, 311
310, 307, 821, 9808, 3657, 2353, 7582, 3374, 6502, 312, 312, 312, 3476, 228, 3496, 312, 312, 312
313, 313, 313, 313, 313, 313, 11069, 373, 11121, 334, 2367, 1850, 7397, 749, 8001, 3132, 1871, 3252
314, 314, 314, 2333, 318, 9269, 5040, 370, 4521, 2361, 2382, 1855, 7398, 753, 8005, 3133, 1875, 3253
318, 317, 316, 315, 315, 315, 5043, 371, 4522, 335, 349, 1348, 7399, 756, 8008, 5122, 2875, 10242
315, 318, 317, 316, 316, 316, 5045, 372, 4523, 336, 350, 1349, 8877, 744, 11953, 3135, 1367, 3255
316, 315, 318, 317, 317, 317, 11125, 369, 11065, 337, 351, 1350, 7401, 247, 7499, 3136, 1368, 3256
317, 316, 315, 9269, 314, 2333, 4535, 374, 4525, 338, 352, 1351, 7402, 248, 7500, 3137, 1369, 3257
319, 319, 319, 2334, 323, 9270, 8006, 894, 7543, 2362, 1849, 1870, 3497, 235, 5049, 3138, 1885, 3258
323, 322, 321, 320, 320, 320, 8009, 897, 7544, 339, 1344, 1363, 3498, 236, 5052, 5123, 2880, 10243
320, 323, 322, 321, 321, 321, 8011, 899, 7545, 340, 1345, 1364, 10553, 741, 10989, 3140, 1377, 3260
321, 320, 323, 322, 322, 322, 8994, 890, 12062, 341, 1346, 1365, 3500, 238, 4543, 3141, 1378, 3261
322, 321, 320, 9270, 319, 2334, 7501, 389, 7547, 342, 1347, 1366, 3501, 239, 4544, 3142, 1379, 3262
327, 326, 325, 1312, 842, 6200, 5059, 380, 3512, 1339, 1359, 1373, 3502, 240, 5058, 5124, 2884, 10244
324, 327, 326, 1313, 844, 6201, 5061, 381, 3513, 1340, 1360, 1374, 10554, 742, 10993, 3144, 1383, 3264
325, 324, 327, 1314, 845, 6202, 11134, 887, 10559, 1341, 1361, 1375, 3504, 242, 4549, 3145, 1384, 3265
326, 325, 324, 9773, 839, 6701, 4551, 383, 3515, 1342, 1362, 1376, 3505, 243, 4550, 3146, 1385, 3266
842, 333, 331, 328, 328, 328, 5064, 384, 3516, 343, 353, 359, 10555, 743, 10996, 4102, 1352, 7174
844, 841, 332, 329, 329, 329, 11137, 888, 10560, 344, 354, 360, 3507, 245, 4552, 4103, 1353, 7175
845, 843, 840, 9272, 836, 2336, 4554, 386, 3518, 345, 355, 361, 3508, 246, 4553, 4104, 1354, 7176
328, 842, 333, 331, 331, 331, 11139, 889, 10561, 346, 356, 362, 7485, 233, 7415, 3150, 365, 3270
329, 844, 841, 9273, 837, 2337, 4555, 388, 3520, 347, 357, 363, 7486, 234, 7416, 3151, 366, 3271
331, 328, 842, 9274, 838, 2338, 7557, 379, 7491, 348, 358, 364, 3511, 249, 3531, 3152, 367, 3272
334, 334, 334, 2340, 338, 9276, 8021, 909, 7558, 2367, 1850, 313, 3322, 1802, 4958, 334, 334, 334
338, 337, 336, 335, 335, 335, 8024, 912, 7559, 349, 1348, 315, 3323, 1805, 4961, 9396, 2361, 9276
335, 338, 337, 336, 336, 336, 8026, 914, 7560, 350, 1349, 316, 5300, 2812, 10940, 336, 336, 336
336, 335, 338, 337, 337, 337, 9000, 905, 12068, 351, 1350, 317, 3325, 1296, 4452, 337, 337, 337
337, 336, 335, 9276, 334, 2340, 7516, 404, 7562, 352, 1351, 318, 3326, 1297, 4453, 338, 338, 338
342, 341, 340, 1318, 857, 6206, 5079, 395, 3532, 1344, 1363, 320, 3327, 1811, 4967, 9397, 2362, 9277
339, 342, 341, 1319, 859, 6207, 5081, 396, 3533, 1345, 1364, 321, 5301, 2816, 10944, 340, 340, 340
340, 339, 342, 1320, 860, 6208, 11149, 902, 10574, 1346, 1365, 322, 3329, 1302, 4458, 341, 341, 341
341, 340, 339, 9774, 854, 6702, 4571, 398, 3535, 1347, 1366, 323, 3330, 1303, 4459, 342, 342, 342
857, 348, 346, 343, 343, 343, 5084, 399, 3536, 353, 359, 328, 5302, 2819, 10947, 6327, 1340, 6207
859, 856, 347, 344, 344, 344, 11152, 903, 10575, 354, 360, 329, 3332, 1305, 4461, 6328, 1341, 6208
860, 858, 855, 9278, 851, 2342, 4574, 401, 3538, 355, 361, 330, 3333, 1306, 4462, 6329, 1342, 6209
343, 857, 348, 346, 346, 346, 11154, 904, 10576, 356, 362, 331, 4280, 1286, 7366, 346, 346, 346
344, 859, 856, 9279, 852, 2343, 4575, 403, 3540, 357, 363, 332, 4281, 1287, 7367, 347, 347, 347
346, 343, 857, 9280, 853, 2344, 7572, 394, 7506, 358, 364, 333, 3336, 284, 3440, 348, 348, 348
352, 351, 350, 1323, 867, 6211, 4968, 1952, 3477, 1348, 315, 335, 460, 265, 5088, 9402, 2367, 9282
349, 352, 351, 1324, 869, 6212, 4970, 1954, 3478, 1349, 316, 336, 9550, 2298, 11018, 350, 350, 350
350, 349, 352, 1325, 870, 6213, 5937, 2967, 10538, 1350, 317, 337, 462, 267, 4579, 351, 351, 351
351, 350, 349, 9775, 864, 6703, 4460, 1444, 3480, 1351, 318, 338, 463, 268, 4580, 352, 352, 352
867, 358, 356, 353, 353, 353, 4973, 1957, 3481, 359, 328, 343, 9551, 2299, 11021, 6332, 1345, 6212
869, 866, 357, 354, 354, 354, 5940, 2970, 10539, 360, 329, 344, 465, 270, 4582, 6333, 1346, 6213
870, 868, 865, 9283, 861, 2347, 4463, 1447, 3483, 361, 330, 345, 466, 271, 4583, 6334, 1347, 6214
353, 867, 358, 356, 356, 356, 5942, 2972, 10540, 362, 331, 346, 6481, 1277, 7440, 356, 356, 356
354, 869, 866, 9284, 862, 2348, 4464, 1448, 3485, 363, 332, 347, 6482, 1278, 7441, 357, 357, 357
356, 353, 867, 9285, 863, 2349, 4408, 1438, 7470, 364, 333, 348, 469, 274, 3561, 358, 358, 358
873, 364, 362, 307, 1902, 3147, 5098, 415, 480, 328, 343, 353, 9555, 2303, 11027, 6336, 1349, 6216
875, 872, 363, 308, 1903, 3148, 11168, 2453, 9565, 329, 344, 354, 471, 276, 4586, 6337, 1350, 6217
876, 874, 871, 9265, 2921, 3633, 4588, 417, 482, 330, 345, 355, 472, 277, 4587, 6338, 1351, 6218
359, 873, 364, 310, 1904, 3150, 11170, 2454, 9566, 331, 346, 356, 6485, 1281, 7446, 362, 362, 362
360, 875, 872, 9266, 2923, 3634, 4589, 419, 484, 332, 347, 357, 6486, 1282, 7447, 363, 363, 363
362, 359, 873, 9267, 2924, 3635, 7588, 1432, 6496, 333, 348, 358, 475, 280, 3565, 364, 364, 364
1902, 2415, 368, 365, 365, 365, 11173, 2457, 9569, 365, 365, 365, 6488, 1284, 7449, 3270, 331, 3150
1903, 2416, 2413, 9291, 2407, 2355, 4590, 422, 487, 366, 366, 366, 6489, 1285, 7450, 3271, 332, 3151
1904, 1901, 2414, 9292, 2408, 2356, 7591, 1435, 6499, 367, 367, 367, 478, 283, 3566, 3272, 333, 3152
365, 1902, 2415, 9294, 2410, 2358, 7592, 1437, 6501, 368, 368, 368, 3420, 264, 3356, 368, 368, 368
369, 369, 369, 5037, 109, 5033, 11065, 317, 11125, 390, 2423, 1906, 6346, 889, 6430, 3160, 1927, 3280
370, 370, 370, 11126, 114, 10862, 4521, 314, 5040, 2417, 2438, 1911, 6347, 893, 6431, 3161, 1931, 3281
374, 373, 372, 5044, 111, 4526, 4522, 315, 5043, 391, 405, 1404, 6348, 896, 6432, 5130, 2931, 10250
371, 374, 373, 5046, 112, 4527, 4523, 316, 5045, 392, 406, 1405, 8357, 884, 11429, 3163, 1423, 3283
372, 371, 374, 5047, 113, 4528, 11121, 313, 11069, 393, 407, 1406, 6350, 387, 6434, 3164, 1424, 3284
373, 372, 371, 10866, 110, 11122, 4525, 318, 4535, 394, 408, 1407, 6351, 388, 6435, 3165, 1425, 3285
375, 375, 375, 11131, 119, 10867, 7487, 838, 8062, 2418, 1905, 1926, 375, 375, 375, 3166, 1941, 3286
379, 378, 377, 5054, 116, 4536, 7488, 841, 8065, 395, 1400, 1419, 376, 376, 376, 5131, 2936, 10251
376, 379, 378, 5056, 117, 4537, 7489, 843, 8067, 396, 1401, 1420, 9502, 881, 9418, 3168, 1433, 3288
377, 376, 379, 5057, 118, 4538, 8990, 834, 12066, 397, 1402, 1421, 378, 378, 378, 3169, 1434, 3289
378, 377, 376, 10871, 115, 11127, 7491, 333, 7557, 398, 1403, 1422, 379, 379, 379, 3170, 1435, 3290
383, 382, 381, 8066, 638, 7288, 3512, 324, 5059, 1395, 1415, 1429, 380, 380, 380, 5132, 2940, 10252
380, 383, 382, 8068, 640, 7289, 3513, 325, 5061, 1396, 1416, 1430, 9503, 882, 9419, 3172, 1439, 3292
381, 380, 383, 8069, 641, 7290, 10615, 831, 11078, 1397, 1417, 1431, 382, 382, 382, 3173, 1440, 3293
382, 381, 380, 11863, 635, 8787, 3515, 327, 4551, 1398, 1418, 1432, 383, 383, 383, 3174, 1441, 3294
898, 389, 387, 5065, 124, 3522, 3516, 328, 5064, 399, 409, 415, 9504, 883, 9420, 4110, 1408, 7182
900, 897, 388, 5066, 125, 3523, 10616, 832, 11081, 400, 410, 416, 385, 385, 385, 4111, 1409, 7183
901, 899, 896, 10878, 632, 10620, 3518, 330, 4554, 401, 411, 417, 386, 386, 386, 4112, 1410, 7184
384, 898, 389, 5067, 127, 3525, 10617, 833, 11083, 402, 412, 418, 6434, 373, 6350, 3178, 421, 3298
385, 900, 897, 10880, 633, 10621, 3520, 332, 4555, 403, 413, 419, 6435, 374, 6351, 3179, 422, 3299
387, 384, 898, 10881, 634, 10622, 7547, 323, 7501, 404, 414, 420, 389, 389, 389, 3180, 423, 3300
390, 390, 390, 11146, 134, 10882, 7502, 853, 8077, 2423, 1906, 369, 3286, 1942, 3370, 390, 390, 390
394, 393, 392, 5074, 131, 4556, 7503, 856, 8080, 405, 1404, 371, 3287, 1945, 3371, 9424, 2417, 9304
391, 394, 393, 5076, 132, 4557, 7504, 858, 8082, 406, 1405, 372, 5287, 2952, 10407, 392, 392, 392
392, 391, 394, 5077, 133, 4558, 8996, 849, 12072, 407, 1406, 373, 3289, 1436, 3373, 393, 393, 393
393, 392, 391, 10886, 130, 11142, 7506, 348, 7572, 408, 1407, 374, 3290, 1437, 3374, 394, 394, 394
398, 397, 396, 8081, 653, 7303, 3532, 339, 5079, 1400, 1419, 376, 3291, 1951, 3375, 9425, 2418, 9305
395, 398, 397, 8083, 655, 7304, 3533, 340, 5081, 1401, 1420, 377, 5288, 2956, 10408, 396, 396, 396
396, 395, 398, 8084, 656, 7305, 10630, 846, 11093, 1402, 1421, 378, 3293, 1442, 3377, 397, 397, 397
397, 396, 395, 11869, 650, 8793, 3535, 342, 4571, 1403, 1422, 379, 3294, 1443, 3378, 398, 398, 398
913, 404, 402, 5085, 139, 3542, 3536, 343, 5084, 409, 415, 384, 5289, 2959, 10409, 6355, 1396, 6235
915, 912, 403, 5086, 140, 3543, 10631, 847, 11096, 410, 416, 385, 3296, 1445, 3380, 6356, 1397, 6236
916, 914, 911, 10893, 647, 10635, 3538, 345, 4574, 411, 417, 386, 3297, 1446, 3381, 6357, 1398, 6237
399, 913, 404, 5087, 142, 3545, 10632, 848, 11098, 412, 418, 387, 4267, 1426, 7339, 402, 402, 402
400, 915, 912, 10895, 648, 10636, 3540, 347, 4575, 413, 419, 388, 4268, 1427, 7340, 403, 403, 403
402, 399, 913, 10896, 649, 10637, 7562, 338, 7516, 414, 420, 389, 3300, 424, 3384, 404, 404, 404
408, 407, 406, 8091, 663, 7313, 3421, 1896, 5024, 1404, 371, 391, 405, 405, 405, 9430, 2423, 9310
405, 408, 407, 8093, 665, 7314, 3422, 1898, 5026, 1405, 372, 392, 9514, 2438, 9430, 406, 406, 406
406, 405, 408, 8094, 666, 7315, 5418, 2911, 11057, 1406, 373, 393, 407, 407, 407, 407, 407, 407
407, 406, 405, 11874, 660, 8798, 3424, 1388, 4516, 1407, 374, 394, 408, 408, 408, 408, 408, 408
923, 414, 412, 5095, 149, 3552, 3425, 1901, 5029, 415, 384, 399, 9515, 2439, 9431, 6360, 1401, 6240
925, 922, 413, 5096, 150, 3553, 5419, 2914, 11060, 416, 385, 400, 410, 410, 410, 6361, 1402, 6241
926, 924, 921, 10903, 657, 10645, 3427, 1391, 4519, 417, 386, 401, 411, 411, 411, 6362, 1403, 6242
409, 923, 414, 5097, 152, 3555, 5420, 2916, 11062, 418, 387, 402, 6445, 1417, 6361, 412, 412, 412
410, 925, 922, 10905, 658, 10646, 3429, 1392, 4520, 419, 388, 403, 6446, 1418, 6362, 413, 413, 413
412, 409, 923, 10906, 659, 10647, 4398, 1382, 7480, 420, 389, 404, 414, 414, 414, 414, 414, 414
929, 420, 418, 5030, 1698, 3227, 480, 359, 5098, 384, 399, 409, 9519, 2443, 9435, 6364, 1405, 6244
931, 928, 419, 5031, 1699, 3228, 9621, 2397, 11112, 385, 400, 410, 416, 416, 416, 6365, 1406, 6245
932, 930, 927, 10857, 2717, 5219, 482, 361, 4588, 386, 401, 411, 417, 417, 417, 6366, 1407, 6246
415, 929, 420, 5032, 1700, 3230, 9622, 2398, 11114, 387, 402, 412, 6449, 1421, 6365, 418, 418, 418
416, 931, 928, 10859, 2719, 5220, 484, 363, 4589, 388, 403, 413, 6450, 1422, 6366, 419, 419, 419
418, 415, 929, 10860, 2720, 5221, 6552, 1376, 7532, 389, 404, 414, 420, 420, 420, 420, 420, 420
1958, 2471, 424, 5102, 161, 490, 9625, 2401, 11117, 421, 421, 421, 6452, 1424, 6368, 3298, 387, 3178
1959, 2472, 2469, 10914, 2203, 9631, 487, 366, 4590, 422, 422, 422, 6453, 1425, 6369, 3299, 388, 3179
1960, 1957, 2470, 10915, 2204, 9632, 6555, 1379, 7535, 423, 423, 423, 423, 423, 423, 3300, 389, 3180
421, 1958, 2471, 10916, 2206, 9634, 6557, 1381, 7536, 424, 424, 424, 3384, 404, 3300, 424, 424, 424
425, 425, 425, 9585, 429, 9325, 6458, 944, 6514, 9641, 8617, 5033, 3307, 1977, 3391, 130, 5068, 250
429, 428, 427, 426, 426, 426, 6459, 947, 6515, 460, 6584, 4526, 3308, 1980, 3392, 2072, 11178, 9240
426, 429, 428, 427, 427, 427, 6460, 949, 6516, 461, 6585, 4527, 5294, 2987, 10414, 132, 4560, 252
427, 426, 429, 428, 428, 428, 8477, 940, 11549, 462, 6586, 4528, 3310, 1471, 3394, 133, 4561, 253
428, 427, 426, 9325, 425, 9585, 6462, 439, 6518, 463, 6587, 4529, 3311, 1472, 3395, 134, 4562, 254
433, 432, 431, 6515, 948, 6255, 430, 430, 430, 6570, 6604, 4536, 3312, 1986, 3396, 2073, 11182, 9241
430, 433, 432, 6516, 950, 6256, 431, 431, 431, 6571, 6605, 4537, 5295, 2991, 10415, 136, 4566, 256
431, 430, 433, 6517, 951, 6257, 9586, 937, 9530, 6572, 6606, 4538, 3314, 1477, 3398, 137, 4567, 257
432, 431, 430, 11345, 945, 8273, 433, 433, 433, 6573, 6607, 4539, 3315, 1478, 3399, 138, 4568, 258
948, 439, 437, 434, 434, 434, 434, 434, 434, 464, 480, 3522, 5296, 2994, 10416, 1051, 7602, 6171
950, 947, 438, 435, 435, 435, 9587, 938, 9531, 465, 481, 3523, 3317, 1480, 3401, 1052, 7603, 6172
951, 949, 946, 9327, 942, 9587, 436, 436, 436, 466, 482, 3524, 3318, 1481, 3402, 1053, 7604, 6173
434, 948, 439, 437, 437, 437, 9588, 939, 9532, 467, 483, 3525, 4274, 1461, 7346, 142, 3548, 262
435, 950, 947, 9328, 943, 9588, 438, 438, 438, 468, 484, 3526, 4275, 1462, 7347, 143, 3549, 263
437, 434, 948, 9329, 944, 9589, 6518, 429, 6462, 469, 485, 3527, 3321, 459, 3405, 144, 3550, 264
443, 442, 441, 6520, 958, 6260, 3396, 1987, 3452, 6574, 4522, 4556, 440, 440, 440, 2078, 11192, 9246
440, 443, 442, 6521, 960, 6261, 3397, 1989, 3453, 6575, 4523, 4557, 9535, 2473, 9451, 146, 4576, 266
441, 440, 443, 6522, 961, 6262, 5407, 3002, 10527, 6576, 4524, 4558, 442, 442, 442, 147, 4577, 267
442, 441, 440, 11346, 955, 8274, 3399, 1479, 3455, 6577, 4525, 4559, 443, 443, 443, 148, 4578, 268
958, 449, 447, 444, 444, 444, 3400, 1992, 3456, 470, 3516, 3542, 9536, 2474, 9452, 1056, 7612, 6176
960, 957, 448, 445, 445, 445, 5408, 3005, 10528, 471, 3517, 3543, 445, 445, 445, 1057, 7613, 6177
961, 959, 956, 9332, 952, 9592, 3402, 1482, 3458, 472, 3518, 3544, 446, 446, 446, 1058, 7614, 6178
444, 958, 449, 447, 447, 447, 5409, 3007, 10529, 473, 3519, 3545, 6466, 1452, 6382, 152, 3558, 272
445, 960, 957, 9333, 953, 9593, 3404, 1483, 3460, 474, 3520, 3546, 6467, 1453, 6383, 153, 3559, 273
447, 444, 958, 9334, 954, 9594, 4387, 1473, 7459, 475, 3521, 3547, 449, 449, 449, 154, 3560, 274
964, 455, 453, 3456, 1993, 3196, 450, 450, 450, 3506, 3536, 3552, 9540, 2478, 9456, 1060, 7618, 6180
966, 963, 454, 3457, 1994, 3197, 9596, 2488, 9540, 3507, 3537, 3553, 451, 451, 451, 1061, 7619, 6181
967, 965, 962, 10324, 3012, 5204, 452, 452, 452, 3508, 3538, 3554, 452, 452, 452, 1062, 7620, 6182
450, 964, 455, 3459, 1995, 3199, 9597, 2489, 9541, 3509, 3539, 3555, 6470, 1456, 6386, 158, 3562, 278
451, 966, 963, 10325, 3014, 5205, 454, 454, 454, 3510, 3540, 3556, 6471, 1457, 6387, 159, 3563, 279
453, 450, 964, 10326, 3015, 5206, 6527, 1467, 6471, 3511, 3541, 3557, 455, 455, 455, 160, 3564, 280
1993, 2506, 459, 456, 456, 456, 9600, 2492, 9544, 476, 486, 490, 6473, 1459, 6389, 42, 3528, 3114
1994, 2507, 2504, 9340, 2498, 9600, 457, 457, 457, 477, 487, 491, 6474, 1460, 6390, 43, 3529, 3115
1995, 1992, 2505, 9341, 2499, 9601, 6530, 1470, 6474, 478, 488, 492, 458, 458, 458, 44, 3530, 3116
456, 1993, 2506, 9343, 2501, 9603, 6532, 1472, 6476, 479, 489, 493, 3405, 439, 3321, 164, 494, 284
463, 462, 461, 6535, 978, 6275, 3411, 2007, 3467, 6584, 4526, 426, 265, 5088, 349, 9466, 9641, 9346
460, 463, 462, 6536, 980, 6276, 3412, 2009, 3468, 6585, 4527, 427, 2234, 11213, 9402, 461, 461, 461
461, 460, 463, 6537, 981, 6277, 5413, 3022, 10533, 6586, 4528, 428, 267, 4579, 351, 462, 462, 462
462, 461, 460, 11352, 975, 8280, 3414, 1499, 3470, 6587, 4529, 429, 268, 4580, 352, 463, 463, 463
978, 469, 467, 464, 464, 464, 3415, 2012, 3471, 480, 3522, 434, 2235, 11216, 9403, 6396, 6571, 6276
980, 977, 468, 465, 465, 465, 5414, 3025, 10534, 481, 3523, 435, 270, 4582, 354, 6397, 6572, 6277
981, 979, 976, 9347, 972, 9607, 3417, 1502, 3473, 482, 3524, 436, 271, 4583, 355, 6398, 6573, 6278
464, 978, 469, 467, 467, 467, 5415, 3027, 10535, 483, 3525, 437, 1213, 7635, 6333, 467, 467, 467
465, 980, 977, 9348, 973, 9608, 3419, 1503, 3475, 484, 3526, 438, 1214, 7636, 6334, 468, 468, 468
467, 464, 978, 9349, 974, 9609, 4393, 1493, 7465, 485, 3527, 439, 274, 3561, 358, 469, 469, 469
984, 475, 473, 3471, 2013, 3211, 470, 470, 470, 3516, 3542, 444, 2239, 11222, 9407, 6400, 6575, 6280
986, 983, 474, 3472, 2014, 3212, 9611, 2508, 9555, 3517, 3543, 445, 276, 4586, 360, 6401, 6576, 6281
987, 985, 982, 10330, 3032, 5210, 472, 472, 472, 3518, 3544, 446, 277, 4587, 361, 6402, 6577, 6282
470, 984, 475, 3474, 2015, 3214, 9612, 2509, 9556, 3519, 3545, 447, 1217, 7641, 6337, 473, 473, 473
471, 986, 983, 10331, 3034, 5211, 474, 474, 474, 3520, 3546, 448, 1218, 7642, 6338, 474, 474, 474
473, 470, 984, 10332, 3035, 5212, 6542, 1487, 6486, 3521, 3547, 449, 280, 3565, 364, 475, 475, 475
2013, 2526, 479, 476, 476, 476, 9615, 2512, 9559, 486, 490, 456, 1220, 7644, 6340, 3334, 3509, 3214
2014, 2527, 2524, 9355, 2518, 9615, 477, 477, 477, 487, 491, 457, 1221, 7645, 6341, 3335, 3510, 3215
2015, 2012, 2525, 9356, 2519, 9616, 6545, 1490, 6489, 488, 492, 458, 283, 3566, 367, 3336, 3511, 3216
476, 2013, 2526, 9358, 2521, 9618, 6547, 1492, 6491, 489, 493, 459, 200, 3551, 3272, 479, 479, 479
994, 485, 483, 3481, 2023, 3221, 359, 5098, 415, 3522, 434, 464, 9565, 9676, 9481, 6410, 6585, 6290
996, 993, 484, 3482, 2024, 3222, 2351, 11233, 9519, 3523, 435, 465, 481, 481, 481, 6411, 6586, 6291
997, 995, 992, 10335, 3042, 5215, 361, 4588, 417, 3524, 436, 466, 482, 482, 482, 6412, 6587, 6292
480, 994, 485, 3484, 2025, 3224, 2352, 11235, 9520, 3525, 437, 467, 6495, 6606, 6411, 483, 483, 483
481, 996, 993, 10336, 3044, 5216, 363, 4589, 419, 3526, 438, 468, 6496, 6607, 6412, 484, 484, 484
483, 480, 994, 10337, 3045, 5217, 1330, 7653, 6450, 3527, 439, 469, 485, 485, 485, 485, 485, 485
2023, 2536, 489, 486, 486, 486, 2355, 11238, 9523, 490, 456, 476, 6498, 6609, 6414, 3344, 3519, 3224
2024, 2537, 2534, 9365, 2528, 9625, 366, 4590, 422, 491, 457, 477, 6499, 6610, 6415, 3345, 3520, 3225
2025, 2022, 2535, 9366, 2529, 9626, 1333, 7656, 6453, 492, 458, 478, 488, 488, 488, 3346, 3521, 3226
486, 2023, 2536, 9368, 2531, 9628, 1335, 7657, 6455, 493, 459, 479, 3430, 3541, 3346, 489, 489, 489
2027, 2540, 493, 421, 5102, 161, 9631, 9696, 9575, 456, 476, 486, 6504, 6615, 6420, 3350, 3525, 3230
2028, 2541, 2538, 9319, 11243, 2151, 491, 491, 491, 457, 477, 487, 6505, 6616, 6421, 3351, 3526, 3231
2029, 2026, 2539, 9320, 11244, 2152, 6561, 6626, 6505, 458, 478, 488, 492, 492, 492, 3352, 3527, 3232
490, 2027, 2540, 9322, 11245, 2154, 6563, 6628, 6507, 459, 479, 489, 3436, 3547, 3352, 493, 493, 493
5102, 8686, 9710, 9377, 9706, 9637, 6566, 6631, 6510, 494, 494, 494, 3439, 3550, 3355, 284, 459, 164