UDSliceConj
0, 0, 0, 0, 0, 0, 0, 0
1, 47, 9, 167, 13, 171, 5, 51
2, 48, 12, 166, 16, 170, 6, 52
3, 45, 11, 165, 15, 169, 7, 49
4, 46, 10, 168, 14, 172, 8, 50
5, 51, 13, 171, 9, 167, 1, 47
6, 52, 16, 170, 12, 166, 2, 48
7, 49, 15, 169, 11, 165, 3, 45
8, 50, 14, 172, 10, 168, 4, 46
9, 167, 1, 47, 5, 51, 13, 171
10, 168, 4, 46, 8, 50, 14, 172
11, 165, 3, 45, 7, 49, 15, 169
12, 166, 2, 48, 6, 52, 16, 170
13, 171, 5, 51, 1, 47, 9, 167
14, 172, 8, 50, 4, 46, 10, 168
15, 169, 7, 49, 3, 45, 11, 165
16, 170, 6, 52, 2, 48, 12, 166
17, 298, 19, 292, 41, 310, 39, 312
18, 286, 18, 286, 40, 308, 40, 308
19, 292, 17, 298, 39, 312, 41, 310
20, 301, 20, 301, 20, 301, 20, 301
21, 302, 23, 300, 35, 296, 26, 305
22, 299, 22, 299, 31, 290, 31, 290
23, 300, 21, 302, 26, 305, 35, 296
24, 287, 30, 285, 44, 307, 42, 309
25, 293, 25, 293, 43, 311, 43, 311
26, 305, 35, 296, 23, 300, 21, 302
27, 306, 38, 295, 38, 295, 27, 306
28, 303, 37, 294, 34, 289, 32, 291
29, 304, 36, 297, 29, 304, 36, 297
30, 285, 24, 287, 42, 309, 44, 307
31, 290, 31, 290, 22, 299, 22, 299
32, 291, 34, 289, 37, 294, 28, 303
33, 288, 33, 288, 33, 288, 33, 288
34, 289, 32, 291, 28, 303, 37, 294
35, 296, 26, 305, 21, 302, 23, 300
36, 297, 29, 304, 36, 297, 29, 304
37, 294, 28, 303, 32, 291, 34, 289
38, 295, 27, 306, 27, 306, 38, 295
39, 312, 41, 310, 19, 292, 17, 298
40, 308, 40, 308, 18, 286, 18, 286
41, 310, 39, 312, 17, 298, 19, 292
42, 309, 44, 307, 30, 285, 24, 287
43, 311, 43, 311, 25, 293, 25, 293
44, 307, 42, 309, 24, 287, 30, 285
45, 3, 165, 11, 169, 15, 49, 7
46, 4, 168, 10, 172, 14, 50, 8
47, 1, 167, 9, 171, 13, 51, 5
48, 2, 166, 12, 170, 16, 52, 6
49, 7, 169, 15, 165, 11, 45, 3
50, 8, 172, 14, 168, 10, 46, 4
51, 5, 171, 13, 167, 9, 47, 1
52, 6, 170, 16, 166, 12, 48, 2
53, 66, 203, 208, 225, 226, 75, 80
54, 54, 202, 202, 224, 224, 76, 76
55, 60, 201, 214, 223, 228, 77, 78
56, 69, 204, 217, 204, 217, 56, 69
57, 70, 207, 216, 219, 212, 62, 73
58, 67, 206, 215, 215, 206, 67, 58
59, 68, 205, 218, 210, 221, 71, 64
60, 55, 214, 201, 228, 223, 78, 77
61, 61, 209, 209, 227, 227, 79, 79
62, 73, 219, 212, 207, 216, 57, 70
63, 74, 222, 211, 222, 211, 63, 74
64, 71, 221, 210, 218, 205, 68, 59
65, 72, 220, 213, 213, 220, 72, 65
66, 53, 208, 203, 226, 225, 80, 75
67, 58, 215, 206, 206, 215, 58, 67
68, 59, 218, 205, 221, 210, 64, 71
69, 56, 217, 204, 217, 204, 69, 56
70, 57, 216, 207, 212, 219, 73, 62
71, 64, 210, 221, 205, 218, 59, 68
72, 65, 213, 220, 220, 213, 65, 72
73, 62, 212, 219, 216, 207, 70, 57
74, 63, 211, 222, 211, 222, 74, 63
75, 80, 225, 226, 203, 208, 53, 66
76, 76, 224, 224, 202, 202, 54, 54
77, 78, 223, 228, 201, 214, 55, 60
78, 77, 228, 223, 214, 201, 60, 55
79, 79, 227, 227, 209, 209, 61, 61
80, 75, 226, 225, 208, 203, 66, 53
81, 186, 175, 88, 197, 106, 103, 200
82, 174, 174, 82, 196, 104, 104, 196
83, 180, 173, 94, 195, 108, 105, 198
84, 189, 176, 97, 176, 97, 84, 189
85, 190, 179, 96, 191, 92, 90, 193
86, 187, 178, 95, 187, 86, 95, 178
87, 188, 177, 98, 182, 101, 99, 184
88, 175, 186, 81, 200, 103, 106, 197
89, 181, 181, 89, 199, 107, 107, 199
90, 193, 191, 92, 179, 96, 85, 190
91, 194, 194, 91, 194, 91, 91, 194
92, 191, 193, 90, 190, 85, 96, 179
93, 192, 192, 93, 185, 100, 100, 185
94, 173, 180, 83, 198, 105, 108, 195
95, 178, 187, 86, 178, 95, 86, 187
96, 179, 190, 85, 193, 90, 92, 191
97, 176, 189, 84, 189, 84, 97, 176
98, 177, 188, 87, 184, 99, 101, 182
99, 184, 182, 101, 177, 98, 87, 188
100, 185, 185, 100, 192, 93, 93, 192
101, 182, 184, 99, 188, 87, 98, 177
102, 183, 183, 102, 183, 102, 102, 183
103, 200, 197, 106, 175, 88, 81, 186
104, 196, 196, 104, 174, 82, 82, 174
105, 198, 195, 108, 173, 94, 83, 180
106, 197, 200, 103, 186, 81, 88, 175
107, 199, 199, 107, 181, 89, 89, 181
108, 195, 198, 105, 180, 83, 94, 173
109, 319, 235, 369, 283, 421, 161, 367
110, 334, 230, 390, 282, 424, 162, 368
111, 351, 240, 393, 246, 412, 124, 358
112, 352, 243, 392, 277, 402, 139, 364
113, 349, 242, 391, 271, 387, 149, 333
114, 350, 241, 394, 261, 418, 155, 348
115, 313, 229, 375, 281, 423, 163, 365
116, 322, 236, 378, 245, 410, 125, 354
117, 323, 239, 377, 276, 400, 140, 360
118, 320, 238, 376, 270, 385, 150, 329
119, 321, 237, 379, 260, 416, 156, 344
120, 337, 231, 407, 244, 414, 126, 356
121, 338, 234, 406, 275, 404, 141, 362
122, 335, 233, 405, 269, 389, 151, 331
123, 336, 232, 408, 259, 420, 157, 346
124, 358, 246, 412, 240, 393, 111, 351
125, 354, 245, 410, 236, 378, 116, 322
126, 356, 244, 414, 231, 407, 120, 337
127, 355, 249, 409, 265, 373, 131, 326
128, 357, 248, 413, 255, 397, 135, 341
129, 353, 247, 411, 251, 382, 145, 317
130, 314, 250, 370, 284, 422, 164, 366
131, 326, 265, 373, 249, 409, 127, 355
132, 327, 268, 372, 280, 399, 142, 361
133, 324, 267, 371, 274, 384, 152, 330
134, 325, 266, 374, 264, 415, 158, 345
135, 341, 255, 397, 248, 413, 128, 357
136, 342, 258, 396, 279, 403, 143, 363
137, 339, 257, 395, 273, 388, 153, 332
138, 340, 256, 398, 263, 419, 159, 347
139, 364, 277, 402, 243, 392, 112, 352
140, 360, 276, 400, 239, 377, 117, 323
141, 362, 275, 404, 234, 406, 121, 338
142, 361, 280, 399, 268, 372, 132, 327
143, 363, 279, 403, 258, 396, 136, 342
144, 359, 278, 401, 254, 381, 146, 318
145, 317, 251, 382, 247, 411, 129, 353
146, 318, 254, 381, 278, 401, 144, 359
147, 315, 253, 380, 272, 386, 154, 328
148, 316, 252, 383, 262, 417, 160, 343
149, 333, 271, 387, 242, 391, 113, 349
150, 329, 270, 385, 238, 376, 118, 320
151, 331, 269, 389, 233, 405, 122, 335
152, 330, 274, 384, 267, 371, 133, 324
153, 332, 273, 388, 257, 395, 137, 339
154, 328, 272, 386, 253, 380, 147, 315
155, 348, 261, 418, 241, 394, 114, 350
156, 344, 260, 416, 237, 379, 119, 321
157, 346, 259, 420, 232, 408, 123, 336
158, 345, 264, 415, 266, 374, 134, 325
159, 347, 263, 419, 256, 398, 138, 340
160, 343, 262, 417, 252, 383, 148, 316
161, 367, 283, 421, 235, 369, 109, 319
162, 368, 282, 424, 230, 390, 110, 334
163, 365, 281, 423, 229, 375, 115, 313
164, 366, 284, 422, 250, 370, 130, 314
165, 11, 45, 3, 49, 7, 169, 15
166, 12, 48, 2, 52, 6, 170, 16
167, 9, 47, 1, 51, 5, 171, 13
168, 10, 46, 4, 50, 8, 172, 14
169, 15, 49, 7, 45, 3, 165, 11
170, 16, 52, 6, 48, 2, 166, 12
171, 13, 51, 5, 47, 1, 167, 9
172, 14, 50, 8, 46, 4, 168, 10
173, 94, 83, 180, 105, 198, 195, 108
174, 82, 82, 174, 104, 196, 196, 104
175, 88, 81, 186, 103, 200, 197, 106
176, 97, 84, 189, 84, 189, 176, 97
177, 98, 87, 188, 99, 184, 182, 101
178, 95, 86, 187, 95, 178, 187, 86
179, 96, 85, 190, 90, 193, 191, 92
180, 83, 94, 173, 108, 195, 198, 105
181, 89, 89, 181, 107, 199, 199, 107
182, 101, 99, 184, 87, 188, 177, 98
183, 102, 102, 183, 102, 183, 183, 102
184, 99, 101, 182, 98, 177, 188, 87
185, 100, 100, 185, 93, 192, 192, 93
186, 81, 88, 175, 106, 197, 200, 103
187, 86, 95, 178, 86, 187, 178, 95
188, 87, 98, 177, 101, 182, 184, 99
189, 84, 97, 176, 97, 176, 189, 84
190, 85, 96, 179, 92, 191, 193, 90
191, 92, 90, 193, 85, 190, 179, 96
192, 93, 93, 192, 100, 185, 185, 100
193, 90, 92, 191, 96, 179, 190, 85
194, 91, 91, 194, 91, 194, 194, 91
195, 108, 105, 198, 83, 180, 173, 94
196, 104, 104, 196, 82, 174, 174, 82
197, 106, 103, 200, 81, 186, 175, 88
198, 105, 108, 195, 94, 173, 180, 83
199, 107, 107, 199, 89, 181, 181, 89
200, 103, 106, 197, 88, 175, 186, 81
201, 214, 55, 60, 77, 78, 223, 228
202, 202, 54, 54, 76, 76, 224, 224
203, 208, 53, 66, 75, 80, 225, 226
204, 217, 56, 69, 56, 69, 204, 217
205, 218, 59, 68, 71, 64, 210, 221
206, 215, 58, 67, 67, 58, 215, 206
207, 216, 57, 70, 62, 73, 219, 212
208, 203, 66, 53, 80, 75, 226, 225
209, 209, 61, 61, 79, 79, 227, 227
210, 221, 71, 64, 59, 68, 205, 218
211, 222, 74, 63, 74, 63, 211, 222
212, 219, 73, 62, 70, 57, 216, 207
213, 220, 72, 65, 65, 72, 220, 213
214, 201, 60, 55, 78, 77, 228, 223
215, 206, 67, 58, 58, 67, 206, 215
216, 207, 70, 57, 73, 62, 212, 219
217, 204, 69, 56, 69, 56, 217, 204
218, 205, 68, 59, 64, 71, 221, 210
219, 212, 62, 73, 57, 70, 207, 216
220, 213, 65, 72, 72, 65, 213, 220
221, 210, 64, 71, 68, 59, 218, 205
222, 211, 63, 74, 63, 74, 222, 211
223, 228, 77, 78, 55, 60, 201, 214
224, 224, 76, 76, 54, 54, 202, 202
225, 226, 75, 80, 53, 66, 203, 208
226, 225, 80, 75, 66, 53, 208, 203
227, 227, 79, 79, 61, 61, 209, 209
228, 223, 78, 77, 60, 55, 214, 201
229, 375, 115, 313, 163, 365, 281, 423
230, 390, 110, 334, 162, 368, 282, 424
231, 407, 120, 337, 126, 356, 244, 414
232, 408, 123, 336, 157, 346, 259, 420
233, 405, 122, 335, 151, 331, 269, 389
234, 406, 121, 338, 141, 362, 275, 404
235, 369, 109, 319, 161, 367, 283, 421
236, 378, 116, 322, 125, 354, 245, 410
237, 379, 119, 321, 156, 344, 260, 416
238, 376, 118, 320, 150, 329, 270, 385
239, 377, 117, 323, 140, 360, 276, 400
240, 393, 111, 351, 124, 358, 246, 412
241, 394, 114, 350, 155, 348, 261, 418
242, 391, 113, 349, 149, 333, 271, 387
243, 392, 112, 352, 139, 364, 277, 402
244, 414, 126, 356, 120, 337, 231, 407
245, 410, 125, 354, 116, 322, 236, 378
246, 412, 124, 358, 111, 351, 240, 393
247, 411, 129, 353, 145, 317, 251, 382
248, 413, 128, 357, 135, 341, 255, 397
249, 409, 127, 355, 131, 326, 265, 373
250, 370, 130, 314, 164, 366, 284, 422
251, 382, 145, 317, 129, 353, 247, 411
252, 383, 148, 316, 160, 343, 262, 417
253, 380, 147, 315, 154, 328, 272, 386
254, 381, 146, 318, 144, 359, 278, 401
255, 397, 135, 341, 128, 357, 248, 413
256, 398, 138, 340, 159, 347, 263, 419
257, 395, 137, 339, 153, 332, 273, 388
258, 396, 136, 342, 143, 363, 279, 403
259, 420, 157, 346, 123, 336, 232, 408
260, 416, 156, 344, 119, 321, 237, 379
261, 418, 155, 348, 114, 350, 241, 394
262, 417, 160, 343, 148, 316, 252, 383
263, 419, 159, 347, 138, 340, 256, 398
264, 415, 158, 345, 134, 325, 266, 374
265, 373, 131, 326, 127, 355, 249, 409
266, 374, 134, 325, 158, 345, 264, 415
267, 371, 133, 324, 152, 330, 274, 384
268, 372, 132, 327, 142, 361, 280, 399
269, 389, 151, 331, 122, 335, 233, 405
270, 385, 150, 329, 118, 320, 238, 376
271, 387, 149, 333, 113, 349, 242, 391
272, 386, 154, 328, 147, 315, 253, 380
273, 388, 153, 332, 137, 339, 257, 395
274, 384, 152, 330, 133, 324, 267, 371
275, 404, 141, 362, 121, 338, 234, 406
276, 400, 140, 360, 117, 323, 239, 377
277, 402, 139, 364, 112, 352, 243, 392
278, 401, 144, 359, 146, 318, 254, 381
279, 403, 143, 363, 136, 342, 258, 396
280, 399, 142, 361, 132, 327, 268, 372
281, 423, 163, 365, 115, 313, 229, 375
282, 424, 162, 368, 110, 334, 230, 390
283, 421, 161, 367, 109, 319, 235, 369
284, 422, 164, 366, 130, 314, 250, 370
285, 30, 287, 24, 309, 42, 307, 44
286, 18, 286, 18, 308, 40, 308, 40
287, 24, 285, 30, 307, 44, 309, 42
288, 33, 288, 33, 288, 33, 288, 33
289, 34, 291, 32, 303, 28, 294, 37
290, 31, 290, 31, 299, 22, 299, 22
291, 32, 289, 34, 294, 37, 303, 28
292, 19, 298, 17, 312, 39, 310, 41
293, 25, 293, 25, 311, 43, 311, 43
294, 37, 303, 28, 291, 32, 289, 34
295, 38, 306, 27, 306, 27, 295, 38
296, 35, 305, 26, 302, 21, 300, 23
297, 36, 304, 29, 297, 36, 304, 29
298, 17, 292, 19, 310, 41, 312, 39
299, 22, 299, 22, 290, 31, 290, 31
300, 23, 302, 21, 305, 26, 296, 35
301, 20, 301, 20, 301, 20, 301, 20
302, 21, 300, 23, 296, 35, 305, 26
303, 28, 294, 37, 289, 34, 291, 32
304, 29, 297, 36, 304, 29, 297, 36
305, 26, 296, 35, 300, 23, 302, 21
306, 27, 295, 38, 295, 38, 306, 27
307, 44, 309, 42, 287, 24, 285, 30
308, 40, 308, 40, 286, 18, 286, 18
309, 42, 307, 44, 285, 30, 287, 24
310, 41, 312, 39, 298, 17, 292, 19
311, 43, 311, 43, 293, 25, 293, 25
312, 39, 310, 41, 292, 19, 298, 17
313, 115, 375, 229, 423, 281, 365, 163
314, 130, 370, 250, 422, 284, 366, 164
315, 147, 380, 253, 386, 272, 328, 154
316, 148, 383, 252, 417, 262, 343, 160
317, 145, 382, 251, 411, 247, 353, 129
318, 146, 381, 254, 401, 278, 359, 144
319, 109, 369, 235, 421, 283, 367, 161
320, 118, 376, 238, 385, 270, 329, 150
321, 119, 379, 237, 416, 260, 344, 156
322, 116, 378, 236, 410, 245, 354, 125
323, 117, 377, 239, 400, 276, 360, 140
324, 133, 371, 267, 384, 274, 330, 152
325, 134, 374, 266, 415, 264, 345, 158
326, 131, 373, 265, 409, 249, 355, 127
327, 132, 372, 268, 399, 280, 361, 142
328, 154, 386, 272, 380, 253, 315, 147
329, 150, 385, 270, 376, 238, 320, 118
330, 152, 384, 274, 371, 267, 324, 133
331, 151, 389, 269, 405, 233, 335, 122
332, 153, 388, 273, 395, 257, 339, 137
333, 149, 387, 271, 391, 242, 349, 113
334, 110, 390, 230, 424, 282, 368, 162
335, 122, 405, 233, 389, 269, 331, 151
336, 123, 408, 232, 420, 259, 346, 157
337, 120, 407, 231, 414, 244, 356, 126
338, 121, 406, 234, 404, 275, 362, 141
339, 137, 395, 257, 388, 273, 332, 153
340, 138, 398, 256, 419, 263, 347, 159
341, 135, 397, 255, 413, 248, 357, 128
342, 136, 396, 258, 403, 279, 363, 143
343, 160, 417, 262, 383, 252, 316, 148
344, 156, 416, 260, 379, 237, 321, 119
345, 158, 415, 264, 374, 266, 325, 134
346, 157, 420, 259, 408, 232, 336, 123
347, 159, 419, 263, 398, 256, 340, 138
348, 155, 418, 261, 394, 241, 350, 114
349, 113, 391, 242, 387, 271, 333, 149
350, 114, 394, 241, 418, 261, 348, 155
351, 111, 393, 240, 412, 246, 358, 124
352, 112, 392, 243, 402, 277, 364, 139
353, 129, 411, 247, 382, 251, 317, 145
354, 125, 410, 245, 378, 236, 322, 116
355, 127, 409, 249, 373, 265, 326, 131
356, 126, 414, 244, 407, 231, 337, 120
357, 128, 413, 248, 397, 255, 341, 135
358, 124, 412, 246, 393, 240, 351, 111
359, 144, 401, 278, 381, 254, 318, 146
360, 140, 400, 276, 377, 239, 323, 117
361, 142, 399, 280, 372, 268, 327, 132
362, 141, 404, 275, 406, 234, 338, 121
363, 143, 403, 279, 396, 258, 342, 136
364, 139, 402, 277, 392, 243, 352, 112
365, 163, 423, 281, 375, 229, 313, 115
366, 164, 422, 284, 370, 250, 314, 130
367, 161, 421, 283, 369, 235, 319, 109
368, 162, 424, 282, 390, 230, 334, 110
369, 235, 319, 109, 367, 161, 421, 283
370, 250, 314, 130, 366, 164, 422, 284
371, 267, 324, 133, 330, 152, 384, 274
372, 268, 327, 132, 361, 142, 399, 280
373, 265, 326, 131, 355, 127, 409, 249
374, 266, 325, 134, 345, 158, 415, 264
375, 229, 313, 115, 365, 163, 423, 281
376, 238, 320, 118, 329, 150, 385, 270
377, 239, 323, 117, 360, 140, 400, 276
378, 236, 322, 116, 354, 125, 410, 245
379, 237, 321, 119, 344, 156, 416, 260
380, 253, 315, 147, 328, 154, 386, 272
381, 254, 318, 146, 359, 144, 401, 278
382, 251, 317, 145, 353, 129, 411, 247
383, 252, 316, 148, 343, 160, 417, 262
384, 274, 330, 152, 324, 133, 371, 267
385, 270, 329, 150, 320, 118, 376, 238
386, 272, 328, 154, 315, 147, 380, 253
387, 271, 333, 149, 349, 113, 391, 242
388, 273, 332, 153, 339, 137, 395, 257
389, 269, 331, 151, 335, 122, 405, 233
390, 230, 334, 110, 368, 162, 424, 282
391, 242, 349, 113, 333, 149, 387, 271
392, 243, 352, 112, 364, 139, 402, 277
393, 240, 351, 111, 358, 124, 412, 246
394, 241, 350, 114, 348, 155, 418, 261
395, 257, 339, 137, 332, 153, 388, 273
396, 258, 342, 136, 363, 143, 403, 279
397, 255, 341, 135, 357, 128, 413, 248
398, 256, 340, 138, 347, 159, 419, 263
399, 280, 361, 142, 327, 132, 372, 268
400, 276, 360, 140, 323, 117, 377, 239
401, 278, 359, 144, 318, 146, 381, 254
402, 277, 364, 139, 352, 112, 392, 243
403, 279, 363, 143, 342, 136, 396, 258
404, 275, 362, 141, 338, 121, 406, 234
405, 233, 335, 122, 331, 151, 389, 269
406, 234, 338, 121, 362, 141, 404, 275
407, 231, 337, 120, 356, 126, 414, 244
408, 232, 336, 123, 346, 157, 420, 259
409, 249, 355, 127, 326, 131, 373, 265
410, 245, 354, 125, 322, 116, 378, 236
411, 247, 353, 129, 317, 145, 382, 251
412, 246, 358, 124, 351, 111, 393, 240
413, 248, 357, 128, 341, 135, 397, 255
414, 244, 356, 126, 337, 120, 407, 231
415, 264, 345, 158, 325, 134, 374, 266
416, 260, 344, 156, 321, 119, 379, 237
417, 262, 343, 160, 316, 148, 383, 252
418, 261, 348, 155, 350, 114, 394, 241
419, 263, 347, 159, 340, 138, 398, 256
420, 259, 346, 157, 336, 123, 408, 232
421, 283, 367, 161, 319, 109, 369, 235
422, 284, 366, 164, 314, 130, 370, 250
423, 281, 365, 163, 313, 115, 375, 229
424, 282, 368, 162, 334, 110, 390, 230
425, 425, 425, 425, 494, 494, 494, 494
426, 442, 440, 428, 458, 486, 456, 488
427, 443, 443, 427, 492, 476, 476, 492
428, 440, 442, 426, 488, 456, 486, 458
429, 441, 441, 429, 478, 490, 490, 478
430, 462, 430, 462, 457, 489, 457, 489
431, 463, 433, 461, 491, 479, 477, 493
432, 460, 432, 460, 487, 459, 487, 459
433, 461, 431, 463, 477, 493, 491, 479
434, 485, 452, 467, 452, 467, 434, 485
435, 481, 451, 465, 446, 447, 444, 449
436, 483, 450, 469, 436, 483, 450, 469
437, 482, 455, 464, 482, 437, 464, 455
438, 484, 454, 468, 472, 473, 470, 475
439, 480, 453, 466, 466, 453, 480, 439
440, 428, 426, 442, 456, 488, 458, 486
441, 429, 429, 441, 490, 478, 478, 490
442, 426, 428, 440, 486, 458, 488, 456
443, 427, 427, 443, 476, 492, 492, 476
444, 449, 446, 447, 451, 465, 435, 481
445, 445, 445, 445, 445, 445, 445, 445
446, 447, 444, 449, 435, 481, 451, 465
447, 446, 449, 444, 481, 435, 465, 451
448, 448, 448, 448, 471, 471, 471, 471
449, 444, 447, 446, 465, 451, 481, 435
450, 469, 436, 483, 450, 469, 436, 483
451, 465, 435, 481, 444, 449, 446, 447
452, 467, 434, 485, 434, 485, 452, 467
453, 466, 439, 480, 480, 439, 466, 453
454, 468, 438, 484, 470, 475, 472, 473
455, 464, 437, 482, 464, 455, 482, 437
456, 488, 458, 486, 440, 428, 426, 442
457, 489, 457, 489, 430, 462, 430, 462
458, 486, 456, 488, 426, 442, 440, 428
459, 487, 459, 487, 460, 432, 460, 432
460, 432, 460, 432, 459, 487, 459, 487
461, 433, 463, 431, 493, 477, 479, 491
462, 430, 462, 430, 489, 457, 489, 457
463, 431, 461, 433, 479, 491, 493, 477
464, 455, 482, 437, 455, 464, 437, 482
465, 451, 481, 435, 449, 444, 447, 446
466, 453, 480, 439, 439, 480, 453, 466
467, 452, 485, 434, 485, 434, 467, 452
468, 454, 484, 438, 475, 470, 473, 472
469, 450, 483, 436, 469, 450, 483, 436
470, 475, 472, 473, 454, 468, 438, 484
471, 471, 471, 471, 448, 448, 448, 448
472, 473, 470, 475, 438, 484, 454, 468
473, 472, 475, 470, 484, 438, 468, 454
474, 474, 474, 474, 474, 474, 474, 474
475, 470, 473, 472, 468, 454, 484, 438
476, 492, 492, 476, 443, 427, 427, 443
477, 493, 491, 479, 433, 461, 431, 463
478, 490, 490, 478, 429, 441, 441, 429
479, 491, 493, 477, 463, 431, 461, 433
480, 439, 466, 453, 453, 466, 439, 480
481, 435, 465, 451, 447, 446, 449, 444
482, 437, 464, 455, 437, 482, 455, 464
483, 436, 469, 450, 483, 436, 469, 450
484, 438, 468, 454, 473, 472, 475, 470
485, 434, 467, 452, 467, 452, 485, 434
486, 458, 488, 456, 442, 426, 428, 440
487, 459, 487, 459, 432, 460, 432, 460
488, 456, 486, 458, 428, 440, 442, 426
489, 457, 489, 457, 462, 430, 462, 430
490, 478, 478, 490, 441, 429, 429, 441
491, 479, 477, 493, 431, 463, 433, 461
492, 476, 476, 492, 427, 443, 443, 427
493, 477, 479, 491, 461, 433, 463, 431
494, 494, 494, 494, 425, 425, 425, 425
